Start Titanic rf
0.7821229050279329
0.7653631284916201
0.7262569832402235
0.776536312849162
0.7877094972067039
0.7374301675977654
0.7374301675977654
0.770949720670391
0.7430167597765364
0.7318435754189944
0.7932960893854749
0.7486033519553073
0.776536312849162
0.7206703910614525
0.7541899441340782
0.7821229050279329
0.776536312849162
0.7486033519553073
0.7877094972067039
0.7653631284916201
0.776536312849162
0.770949720670391
0.776536312849162
0.6815642458100558
0.7988826815642458
0.7653631284916201
0.7094972067039106
0.7821229050279329
0.7262569832402235
0.7653631284916201
0.7318435754189944
0.7877094972067039
0.8156424581005587
0.7821229050279329
0.776536312849162
0.7262569832402235
0.7318435754189944
0.776536312849162
0.6871508379888268
0.6983240223463687
0.6983240223463687
0.6983240223463687
0.7486033519553073
0.7094972067039106
0.7653631284916201
0.7932960893854749
0.7318435754189944
0.7821229050279329
0.7262569832402235
0.7430167597765364
0.7430167597765364
0.7541899441340782
0.8044692737430168
0.7430167597765364
0.7430167597765364
0.7653631284916201
0.7821229050279329
0.7262569832402235
0.7653631284916201
0.7653631284916201
0.770949720670391
0.7932960893854749
0.7541899441340782
0.7653631284916201
0.7932960893854749
0.7653631284916201
0.7877094972067039
0.7486033519553073
0.7541899441340782
0.7597765363128491
0.7877094972067039
0.7374301675977654
0.7262569832402235
0.7430167597765364
0.7653631284916201
0.7597765363128491
0.7318435754189944
0.7597765363128491
0.776536312849162
0.7430167597765364
0.7430167597765364
0.770949720670391
0.7374301675977654
0.7318435754189944
0.7150837988826816
0.7486033519553073
0.7318435754189944
0.7262569832402235
0.7374301675977654
0.6815642458100558
0.776536312849162
0.7262569832402235
0.7262569832402235
0.6815642458100558
0.7988826815642458
0.7374301675977654
0.7597765363128491
0.7206703910614525
0.6927374301675978
0.7374301675977654
Start Cardio rf
0.6498944405348346
0.6514778325123153
0.6508913910391743
0.6450269763077645
0.6547619047619048
0.6511259676284307
0.6472554539057002
0.6499530846821487
0.6496598639455783
0.6502463054187192
0.6547032606145906
0.6469035890218157
0.6485456251466104
0.6504222378606616
0.6519469856908281
0.6539408866995073
0.6541754632887637
0.6501876612714051
0.6464344358433028
0.650715458597232
0.6521815622800844
0.6503049495660334
0.6503049495660334
0.6463171475486746
0.6481351161154116
0.6566385174759559
0.6557588552662444
0.6466690124325593
0.6469035890218157
0.6516537649542575
0.652474783016655
0.6452615528970209
0.6561107201501291
0.6489561341778091
0.647724607084213
0.6487802017358668
0.6518883415435139
0.6486629134412386
0.6493079990616937
0.6497771522402064
0.6477832512315271
0.6511259676284307
0.6484283368519822
0.64596528266479
0.6505395261552896
0.6497185080928923
0.6510673234811166
0.6523574947220268
0.6461998592540464
0.652474783016655
0.6517710532488857
0.6446164672765659
0.6570490265071546
0.6433849401829698
0.648369692704668
0.6455547736335914
0.6497185080928923
0.6559347877081867
0.6511846117757448
0.650715458597232
0.6503635937133474
0.6478418953788412
0.6442059582453671
0.6493079990616937
0.6493079990616937
0.652533427163969
0.6538822425521933
0.654937837203847
0.6472554539057002
0.654292751583392
0.6535303776683087
0.6488974900304949
0.653706310110251
0.651301900070373
0.6503635937133474
0.6530025803424818
0.6500117288294628
0.6527093596059114
0.6519469856908281
0.6545273281726484
0.6502463054187192
0.6512432559230589
0.6466690124325593
0.6511259676284307
0.6510673234811166
0.650715458597232
0.6436781609195402
0.6493666432090077
0.6429744311517711
0.6508913910391743
0.6487802017358668
0.6561107201501291
0.6466690124325593
0.6503049495660334
0.6537649542575651
0.6518296973961999
0.6451442646023927
0.6510673234811166
0.647724607084213
0.6506568144499179
Start Iris rf
1.0
1.0
1.0
1.0
1.0
1.0
1.0
1.0
1.0
1.0
1.0
1.0
1.0
1.0
1.0
1.0
1.0
1.0
1.0
1.0
1.0
0.9736842105263158
1.0
1.0
1.0
1.0
1.0
1.0
1.0
1.0
1.0
1.0
1.0
1.0
1.0
0.9736842105263158
1.0
1.0
1.0
1.0
1.0
0.9736842105263158
1.0
1.0
1.0
1.0
1.0
1.0
1.0
1.0
1.0
1.0
1.0
1.0
1.0
1.0
1.0
1.0
1.0
1.0
1.0
1.0
1.0
1.0
1.0
1.0
1.0
0.9736842105263158
1.0
1.0
1.0
1.0
0.9736842105263158
1.0
1.0
1.0
1.0
1.0
1.0
1.0
1.0
1.0
1.0
1.0
1.0
1.0
1.0
0.9736842105263158
1.0
1.0
1.0
1.0
1.0
1.0
1.0
1.0
1.0
1.0
1.0
0.9736842105263158
Start FetalHealth rf
0.8714555765595463
0.8714555765595463
0.8449905482041588
0.8733459357277883
0.8506616257088847
0.8601134215500945
0.8601134215500945
0.8733459357277883
0.8449905482041588
0.8620037807183365
0.8601134215500945
0.8601134215500945
0.8714555765595463
0.8809073724007561
0.8393194706994329
0.833648393194707
0.8638941398865785
0.8771266540642723
0.8695652173913043
0.8620037807183365
0.8620037807183365
0.8506616257088847
0.8790170132325141
0.8601134215500945
0.8676748582230623
0.8563327032136105
0.8487712665406427
0.8525519848771267
0.8922495274102079
0.8506616257088847
0.8714555765595463
0.8563327032136105
0.8544423440453687
0.8468809073724007
0.8374291115311909
0.8638941398865785
0.8676748582230623
0.8506616257088847
0.8638941398865785
0.8601134215500945
0.8431001890359168
0.8525519848771267
0.8638941398865785
0.8676748582230623
0.8487712665406427
0.8487712665406427
0.8241965973534972
0.8412098298676749
0.8525519848771267
0.8544423440453687
0.8487712665406427
0.8525519848771267
0.8582230623818525
0.8468809073724007
0.8620037807183365
0.8506616257088847
0.8638941398865785
0.8601134215500945
0.8676748582230623
0.8582230623818525
0.8431001890359168
0.8695652173913043
0.8676748582230623
0.8638941398865785
0.8525519848771267
0.8412098298676749
0.8752362948960303
0.8865784499054821
0.833648393194707
0.8431001890359168
0.8790170132325141
0.8620037807183365
0.8563327032136105
0.8544423440453687
0.8563327032136105
0.8374291115311909
0.8790170132325141
0.8582230623818525
0.8695652173913043
0.8752362948960303
0.8487712665406427
0.8582230623818525
0.8506616257088847
0.8563327032136105
0.8657844990548205
0.8449905482041588
0.8431001890359168
0.8601134215500945
0.8468809073724007
0.8431001890359168
0.8638941398865785
0.8638941398865785
0.8487712665406427
0.8525519848771267
0.8676748582230623
0.8771266540642723
0.8487712665406427
0.8431001890359168
0.8620037807183365
0.8355387523629489
