Start Titanic knn
Current neighbors: 1
Distance
0.6089385474860335
0.6256983240223464
0.5363128491620112
0.5418994413407822
0.6033519553072626
0.5754189944134078
0.6480446927374302
0.6201117318435754
0.5642458100558659
0.5642458100558659
0.5865921787709497
0.5586592178770949
0.5921787709497207
0.6145251396648045
0.5977653631284916
0.659217877094972
0.6256983240223464
0.5418994413407822
0.6368715083798883
0.6033519553072626
Uniform:
0.6089385474860335
0.6256983240223464
0.5363128491620112
0.5418994413407822
0.6033519553072626
0.5754189944134078
0.6480446927374302
0.6201117318435754
0.5642458100558659
0.5642458100558659
0.5865921787709497
0.5586592178770949
0.5921787709497207
0.6145251396648045
0.5977653631284916
0.659217877094972
0.6256983240223464
0.5418994413407822
0.6368715083798883
0.6033519553072626
Current neighbors: 2
Distance
0.6089385474860335
0.6256983240223464
0.5363128491620112
0.5418994413407822
0.6033519553072626
0.5754189944134078
0.6480446927374302
0.6201117318435754
0.5642458100558659
0.5642458100558659
0.5865921787709497
0.5586592178770949
0.5921787709497207
0.6145251396648045
0.5977653631284916
0.659217877094972
0.6256983240223464
0.5418994413407822
0.6368715083798883
0.6033519553072626
Uniform:
0.6368715083798883
0.6480446927374302
0.6089385474860335
0.5977653631284916
0.6312849162011173
0.6368715083798883
0.6256983240223464
0.6256983240223464
0.6033519553072626
0.664804469273743
0.6424581005586593
0.6424581005586593
0.659217877094972
0.6480446927374302
0.6145251396648045
0.6759776536312849
0.6424581005586593
0.5698324022346368
0.6703910614525139
0.6145251396648045
Current neighbors: 3
Distance
0.6089385474860335
0.6201117318435754
0.5418994413407822
0.5363128491620112
0.659217877094972
0.6536312849162011
0.664804469273743
0.547486033519553
0.6033519553072626
0.5921787709497207
0.6145251396648045
0.6256983240223464
0.6424581005586593
0.5810055865921788
0.6312849162011173
0.6871508379888268
0.6033519553072626
0.5865921787709497
0.6871508379888268
0.6033519553072626
Uniform:
0.6089385474860335
0.6089385474860335
0.5586592178770949
0.553072625698324
0.6480446927374302
0.6536312849162011
0.6536312849162011
0.5586592178770949
0.6089385474860335
0.6256983240223464
0.6256983240223464
0.6201117318435754
0.6536312849162011
0.5810055865921788
0.6536312849162011
0.6703910614525139
0.6256983240223464
0.5810055865921788
0.6983240223463687
0.6033519553072626
Current neighbors: 4
Distance
0.6145251396648045
0.6424581005586593
0.547486033519553
0.553072625698324
0.6256983240223464
0.6368715083798883
0.6424581005586593
0.553072625698324
0.5865921787709497
0.5977653631284916
0.6201117318435754
0.6368715083798883
0.6536312849162011
0.5754189944134078
0.6201117318435754
0.6703910614525139
0.6368715083798883
0.5698324022346368
0.659217877094972
0.6368715083798883
Uniform:
0.6201117318435754
0.664804469273743
0.6033519553072626
0.5977653631284916
0.6759776536312849
0.6759776536312849
0.6480446927374302
0.6201117318435754
0.5977653631284916
0.6871508379888268
0.659217877094972
0.6368715083798883
0.664804469273743
0.6759776536312849
0.6368715083798883
0.6927374301675978
0.6759776536312849
0.6145251396648045
0.6927374301675978
0.6201117318435754
Current neighbors: 5
Distance
0.5977653631284916
0.6368715083798883
0.547486033519553
0.5698324022346368
0.659217877094972
0.6256983240223464
0.6480446927374302
0.6033519553072626
0.5698324022346368
0.6089385474860335
0.659217877094972
0.6312849162011173
0.659217877094972
0.6201117318435754
0.6256983240223464
0.664804469273743
0.659217877094972
0.5754189944134078
0.6536312849162011
0.6312849162011173
Uniform:
0.5977653631284916
0.6368715083798883
0.5865921787709497
0.5977653631284916
0.659217877094972
0.6201117318435754
0.6368715083798883
0.6368715083798883
0.5698324022346368
0.6424581005586593
0.664804469273743
0.6256983240223464
0.6927374301675978
0.6536312849162011
0.6201117318435754
0.6759776536312849
0.6536312849162011
0.5810055865921788
0.6536312849162011
0.6089385474860335
Current neighbors: 6
Distance
0.6033519553072626
0.6368715083798883
0.5418994413407822
0.547486033519553
0.6480446927374302
0.6201117318435754
0.664804469273743
0.6145251396648045
0.6089385474860335
0.6145251396648045
0.659217877094972
0.6480446927374302
0.6759776536312849
0.6033519553072626
0.6201117318435754
0.6480446927374302
0.6480446927374302
0.6033519553072626
0.6424581005586593
0.6201117318435754
Uniform:
0.6201117318435754
0.6871508379888268
0.5977653631284916
0.6145251396648045
0.659217877094972
0.6424581005586593
0.6256983240223464
0.659217877094972
0.5921787709497207
0.6983240223463687
0.6927374301675978
0.659217877094972
0.6759776536312849
0.659217877094972
0.6424581005586593
0.6871508379888268
0.6480446927374302
0.6201117318435754
0.6815642458100558
0.6089385474860335
Current neighbors: 7
Distance
0.6145251396648045
0.664804469273743
0.5418994413407822
0.5698324022346368
0.6480446927374302
0.5921787709497207
0.6424581005586593
0.6089385474860335
0.6256983240223464
0.6256983240223464
0.659217877094972
0.664804469273743
0.6871508379888268
0.6368715083798883
0.6089385474860335
0.6759776536312849
0.6871508379888268
0.6145251396648045
0.6871508379888268
0.6145251396648045
Uniform:
0.6145251396648045
0.6536312849162011
0.5810055865921788
0.5865921787709497
0.6480446927374302
0.5921787709497207
0.6033519553072626
0.6424581005586593
0.5810055865921788
0.6424581005586593
0.6703910614525139
0.6536312849162011
0.6480446927374302
0.6424581005586593
0.6256983240223464
0.6871508379888268
0.6815642458100558
0.5921787709497207
0.6927374301675978
0.6089385474860335
Current neighbors: 8
Distance
0.6145251396648045
0.6480446927374302
0.5698324022346368
0.5586592178770949
0.6703910614525139
0.6145251396648045
0.6536312849162011
0.6312849162011173
0.6145251396648045
0.6312849162011173
0.6815642458100558
0.664804469273743
0.6703910614525139
0.659217877094972
0.6145251396648045
0.6815642458100558
0.659217877094972
0.6033519553072626
0.664804469273743
0.6145251396648045
Uniform:
0.6536312849162011
0.6480446927374302
0.6312849162011173
0.5921787709497207
0.6536312849162011
0.6256983240223464
0.6201117318435754
0.6536312849162011
0.6089385474860335
0.6480446927374302
0.659217877094972
0.6312849162011173
0.659217877094972
0.664804469273743
0.6368715083798883
0.6871508379888268
0.6927374301675978
0.6033519553072626
0.6759776536312849
0.6033519553072626
Current neighbors: 9
Distance
0.6201117318435754
0.6759776536312849
0.5977653631284916
0.5977653631284916
0.6312849162011173
0.6089385474860335
0.6312849162011173
0.6312849162011173
0.6033519553072626
0.6424581005586593
0.6759776536312849
0.664804469273743
0.6871508379888268
0.659217877094972
0.6368715083798883
0.6927374301675978
0.6815642458100558
0.6089385474860335
0.6480446927374302
0.5977653631284916
Uniform:
0.6480446927374302
0.6424581005586593
0.6201117318435754
0.6145251396648045
0.6312849162011173
0.5977653631284916
0.5921787709497207
0.6368715083798883
0.5810055865921788
0.6759776536312849
0.6480446927374302
0.6312849162011173
0.6815642458100558
0.6312849162011173
0.6312849162011173
0.7039106145251397
0.6759776536312849
0.6089385474860335
0.6368715083798883
0.6089385474860335
Current neighbors: 10
Distance
0.6201117318435754
0.6927374301675978
0.5865921787709497
0.5977653631284916
0.6480446927374302
0.6368715083798883
0.6256983240223464
0.6312849162011173
0.6033519553072626
0.6256983240223464
0.6703910614525139
0.659217877094972
0.664804469273743
0.6759776536312849
0.6536312849162011
0.7150837988826816
0.6703910614525139
0.6089385474860335
0.6480446927374302
0.6256983240223464
Uniform:
0.659217877094972
0.6703910614525139
0.6312849162011173
0.6256983240223464
0.659217877094972
0.6368715083798883
0.6089385474860335
0.6480446927374302
0.6201117318435754
0.6480446927374302
0.6871508379888268
0.6480446927374302
0.6480446927374302
0.6927374301675978
0.659217877094972
0.6871508379888268
0.6536312849162011
0.6033519553072626
0.6703910614525139
0.6256983240223464
Current neighbors: 11
Distance
0.6145251396648045
0.6927374301675978
0.5865921787709497
0.5921787709497207
0.659217877094972
0.6089385474860335
0.6480446927374302
0.6201117318435754
0.6201117318435754
0.6312849162011173
0.6536312849162011
0.6424581005586593
0.6759776536312849
0.6815642458100558
0.6368715083798883
0.7206703910614525
0.6703910614525139
0.5921787709497207
0.6703910614525139
0.6368715083798883
Uniform:
0.6480446927374302
0.6703910614525139
0.5921787709497207
0.6145251396648045
0.6703910614525139
0.6312849162011173
0.6089385474860335
0.6480446927374302
0.6089385474860335
0.6536312849162011
0.659217877094972
0.6256983240223464
0.6703910614525139
0.659217877094972
0.6424581005586593
0.6983240223463687
0.6759776536312849
0.5977653631284916
0.664804469273743
0.6424581005586593
Current neighbors: 12
Distance
0.6089385474860335
0.6703910614525139
0.6145251396648045
0.5754189944134078
0.659217877094972
0.6536312849162011
0.6256983240223464
0.6368715083798883
0.6089385474860335
0.6201117318435754
0.6759776536312849
0.6536312849162011
0.6703910614525139
0.6703910614525139
0.6536312849162011
0.6871508379888268
0.6815642458100558
0.5977653631284916
0.6759776536312849
0.6256983240223464
Uniform:
0.659217877094972
0.6759776536312849
0.6424581005586593
0.6312849162011173
0.659217877094972
0.6536312849162011
0.6201117318435754
0.6480446927374302
0.6256983240223464
0.6871508379888268
0.6983240223463687
0.6480446927374302
0.659217877094972
0.7150837988826816
0.659217877094972
0.6759776536312849
0.7039106145251397
0.6145251396648045
0.6871508379888268
0.6424581005586593
Current neighbors: 13
Distance
0.6368715083798883
0.6983240223463687
0.6145251396648045
0.5921787709497207
0.664804469273743
0.6201117318435754
0.6480446927374302
0.6368715083798883
0.6256983240223464
0.6703910614525139
0.664804469273743
0.6368715083798883
0.6759776536312849
0.6815642458100558
0.6536312849162011
0.7206703910614525
0.6927374301675978
0.5977653631284916
0.6871508379888268
0.6312849162011173
Uniform:
0.6424581005586593
0.6927374301675978
0.6145251396648045
0.6145251396648045
0.664804469273743
0.6312849162011173
0.6368715083798883
0.6368715083798883
0.6256983240223464
0.6759776536312849
0.6871508379888268
0.6480446927374302
0.6815642458100558
0.6983240223463687
0.6536312849162011
0.6927374301675978
0.7039106145251397
0.6033519553072626
0.6871508379888268
0.6536312849162011
Current neighbors: 14
Distance
0.6256983240223464
0.6871508379888268
0.6033519553072626
0.5921787709497207
0.664804469273743
0.6480446927374302
0.6368715083798883
0.6256983240223464
0.6089385474860335
0.664804469273743
0.6815642458100558
0.664804469273743
0.659217877094972
0.6927374301675978
0.6536312849162011
0.7150837988826816
0.7039106145251397
0.6033519553072626
0.7039106145251397
0.6480446927374302
Uniform:
0.6424581005586593
0.6815642458100558
0.659217877094972
0.6145251396648045
0.6871508379888268
0.6480446927374302
0.6256983240223464
0.6201117318435754
0.6368715083798883
0.7039106145251397
0.6983240223463687
0.6536312849162011
0.6759776536312849
0.7094972067039106
0.6536312849162011
0.6927374301675978
0.7150837988826816
0.6033519553072626
0.6983240223463687
0.6536312849162011
Current neighbors: 15
Distance
0.6480446927374302
0.6871508379888268
0.6033519553072626
0.5977653631284916
0.6703910614525139
0.6368715083798883
0.6312849162011173
0.664804469273743
0.6312849162011173
0.6871508379888268
0.6815642458100558
0.6480446927374302
0.6871508379888268
0.6871508379888268
0.6536312849162011
0.7206703910614525
0.6983240223463687
0.6033519553072626
0.7206703910614525
0.6312849162011173
Uniform:
0.664804469273743
0.6815642458100558
0.6312849162011173
0.6312849162011173
0.6703910614525139
0.6480446927374302
0.6201117318435754
0.6424581005586593
0.6256983240223464
0.6927374301675978
0.6815642458100558
0.659217877094972
0.6759776536312849
0.6871508379888268
0.6480446927374302
0.6983240223463687
0.7262569832402235
0.6033519553072626
0.6927374301675978
0.6424581005586593
Current neighbors: 16
Distance
0.6368715083798883
0.6871508379888268
0.6312849162011173
0.6033519553072626
0.6815642458100558
0.6536312849162011
0.6312849162011173
0.6424581005586593
0.6089385474860335
0.6815642458100558
0.6759776536312849
0.659217877094972
0.6703910614525139
0.6927374301675978
0.6536312849162011
0.7094972067039106
0.7262569832402235
0.6033519553072626
0.7150837988826816
0.6536312849162011
Uniform:
0.659217877094972
0.6815642458100558
0.659217877094972
0.6480446927374302
0.664804469273743
0.6536312849162011
0.6368715083798883
0.6536312849162011
0.6368715083798883
0.7150837988826816
0.6815642458100558
0.659217877094972
0.6871508379888268
0.7039106145251397
0.659217877094972
0.6927374301675978
0.7206703910614525
0.6089385474860335
0.7039106145251397
0.6536312849162011
Current neighbors: 17
Distance
0.6368715083798883
0.6927374301675978
0.6145251396648045
0.6201117318435754
0.6759776536312849
0.6536312849162011
0.6256983240223464
0.6536312849162011
0.6201117318435754
0.6871508379888268
0.6815642458100558
0.664804469273743
0.7094972067039106
0.6815642458100558
0.659217877094972
0.6983240223463687
0.7094972067039106
0.6201117318435754
0.7094972067039106
0.6480446927374302
Uniform:
0.659217877094972
0.6815642458100558
0.6424581005586593
0.664804469273743
0.664804469273743
0.659217877094972
0.6201117318435754
0.6424581005586593
0.6312849162011173
0.7039106145251397
0.6815642458100558
0.659217877094972
0.6983240223463687
0.7094972067039106
0.659217877094972
0.7094972067039106
0.6815642458100558
0.6145251396648045
0.6983240223463687
0.6480446927374302
Current neighbors: 18
Distance
0.6312849162011173
0.7150837988826816
0.6312849162011173
0.6145251396648045
0.6815642458100558
0.664804469273743
0.6312849162011173
0.6480446927374302
0.6368715083798883
0.6703910614525139
0.6983240223463687
0.659217877094972
0.7039106145251397
0.6983240223463687
0.6536312849162011
0.7039106145251397
0.7262569832402235
0.6089385474860335
0.7039106145251397
0.664804469273743
Uniform:
0.659217877094972
0.7094972067039106
0.664804469273743
0.664804469273743
0.6815642458100558
0.6759776536312849
0.6312849162011173
0.6536312849162011
0.6312849162011173
0.7039106145251397
0.7039106145251397
0.6536312849162011
0.6927374301675978
0.7318435754189944
0.6815642458100558
0.6983240223463687
0.7039106145251397
0.6201117318435754
0.6983240223463687
0.659217877094972
Current neighbors: 19
Distance
0.6368715083798883
0.7094972067039106
0.6424581005586593
0.6201117318435754
0.7039106145251397
0.6703910614525139
0.6424581005586593
0.659217877094972
0.6256983240223464
0.6871508379888268
0.6871508379888268
0.6703910614525139
0.7150837988826816
0.7039106145251397
0.6759776536312849
0.7094972067039106
0.7094972067039106
0.6201117318435754
0.7150837988826816
0.6424581005586593
Uniform:
0.6536312849162011
0.7206703910614525
0.6536312849162011
0.659217877094972
0.6927374301675978
0.6703910614525139
0.6368715083798883
0.6424581005586593
0.6368715083798883
0.6871508379888268
0.6983240223463687
0.659217877094972
0.6871508379888268
0.7262569832402235
0.6927374301675978
0.6983240223463687
0.7318435754189944
0.6312849162011173
0.6983240223463687
0.6424581005586593
Current neighbors: 20
Distance
0.6312849162011173
0.7206703910614525
0.6368715083798883
0.6256983240223464
0.6983240223463687
0.6759776536312849
0.6312849162011173
0.659217877094972
0.6256983240223464
0.6759776536312849
0.6871508379888268
0.659217877094972
0.6927374301675978
0.6983240223463687
0.664804469273743
0.7039106145251397
0.7094972067039106
0.6145251396648045
0.7039106145251397
0.659217877094972
Uniform:
0.664804469273743
0.6927374301675978
0.659217877094972
0.6424581005586593
0.6871508379888268
0.6703910614525139
0.6312849162011173
0.6536312849162011
0.6424581005586593
0.6927374301675978
0.6759776536312849
0.6424581005586593
0.6815642458100558
0.7150837988826816
0.664804469273743
0.6983240223463687
0.7039106145251397
0.6145251396648045
0.6927374301675978
0.659217877094972
Current neighbors: 21
Distance
0.6368715083798883
0.7150837988826816
0.6424581005586593
0.6256983240223464
0.6871508379888268
0.6759776536312849
0.6312849162011173
0.664804469273743
0.6368715083798883
0.6927374301675978
0.6983240223463687
0.664804469273743
0.7094972067039106
0.7150837988826816
0.664804469273743
0.7039106145251397
0.7039106145251397
0.6201117318435754
0.7262569832402235
0.6424581005586593
Uniform:
0.659217877094972
0.7039106145251397
0.6536312849162011
0.6480446927374302
0.6815642458100558
0.6759776536312849
0.6368715083798883
0.659217877094972
0.6536312849162011
0.6871508379888268
0.6871508379888268
0.6480446927374302
0.6983240223463687
0.7318435754189944
0.664804469273743
0.7039106145251397
0.7150837988826816
0.6201117318435754
0.7039106145251397
0.6368715083798883
Current neighbors: 22
Distance
0.6424581005586593
0.7150837988826816
0.6480446927374302
0.6312849162011173
0.6871508379888268
0.6871508379888268
0.6368715083798883
0.6480446927374302
0.6368715083798883
0.7039106145251397
0.6815642458100558
0.659217877094972
0.7039106145251397
0.7262569832402235
0.659217877094972
0.7039106145251397
0.7094972067039106
0.6145251396648045
0.7150837988826816
0.6424581005586593
Uniform:
0.6703910614525139
0.7039106145251397
0.659217877094972
0.6480446927374302
0.6703910614525139
0.6815642458100558
0.6368715083798883
0.6703910614525139
0.6480446927374302
0.7150837988826816
0.6759776536312849
0.6424581005586593
0.6871508379888268
0.7206703910614525
0.664804469273743
0.6983240223463687
0.6927374301675978
0.6312849162011173
0.7039106145251397
0.6368715083798883
Current neighbors: 23
Distance
0.6368715083798883
0.7206703910614525
0.6424581005586593
0.6145251396648045
0.6871508379888268
0.6815642458100558
0.6368715083798883
0.6536312849162011
0.6480446927374302
0.7039106145251397
0.6871508379888268
0.659217877094972
0.6983240223463687
0.7150837988826816
0.664804469273743
0.6983240223463687
0.6927374301675978
0.6201117318435754
0.7206703910614525
0.6424581005586593
Uniform:
0.664804469273743
0.7150837988826816
0.664804469273743
0.6480446927374302
0.6703910614525139
0.6759776536312849
0.6424581005586593
0.6759776536312849
0.6480446927374302
0.7039106145251397
0.664804469273743
0.6536312849162011
0.6871508379888268
0.7150837988826816
0.6815642458100558
0.7039106145251397
0.7039106145251397
0.6368715083798883
0.7039106145251397
0.6312849162011173
Current neighbors: 24
Distance
0.6368715083798883
0.7150837988826816
0.6424581005586593
0.6368715083798883
0.6815642458100558
0.6759776536312849
0.6312849162011173
0.6703910614525139
0.6480446927374302
0.7094972067039106
0.6759776536312849
0.6536312849162011
0.6815642458100558
0.7150837988826816
0.664804469273743
0.6983240223463687
0.6983240223463687
0.6033519553072626
0.7150837988826816
0.6536312849162011
Uniform:
0.6703910614525139
0.7150837988826816
0.664804469273743
0.6480446927374302
0.664804469273743
0.6759776536312849
0.6312849162011173
0.6759776536312849
0.6368715083798883
0.6983240223463687
0.6759776536312849
0.6536312849162011
0.6759776536312849
0.7039106145251397
0.6703910614525139
0.6927374301675978
0.6871508379888268
0.6201117318435754
0.7094972067039106
0.6424581005586593
Current neighbors: 25
Distance
0.6424581005586593
0.7206703910614525
0.6256983240223464
0.6256983240223464
0.6759776536312849
0.6759776536312849
0.6368715083798883
0.6703910614525139
0.6424581005586593
0.7094972067039106
0.6871508379888268
0.659217877094972
0.6983240223463687
0.6983240223463687
0.6759776536312849
0.6983240223463687
0.6871508379888268
0.6201117318435754
0.7150837988826816
0.6480446927374302
Uniform:
0.6703910614525139
0.7094972067039106
0.659217877094972
0.6480446927374302
0.659217877094972
0.6871508379888268
0.6368715083798883
0.664804469273743
0.6368715083798883
0.7094972067039106
0.6759776536312849
0.6424581005586593
0.6703910614525139
0.6983240223463687
0.6759776536312849
0.7039106145251397
0.7039106145251397
0.6312849162011173
0.7094972067039106
0.6368715083798883
Current neighbors: 26
Distance
0.6424581005586593
0.7206703910614525
0.6368715083798883
0.6312849162011173
0.6815642458100558
0.6703910614525139
0.6368715083798883
0.6759776536312849
0.6424581005586593
0.7262569832402235
0.6871508379888268
0.6536312849162011
0.6927374301675978
0.7039106145251397
0.6759776536312849
0.6983240223463687
0.6871508379888268
0.6201117318435754
0.7150837988826816
0.6368715083798883
Uniform:
0.664804469273743
0.7206703910614525
0.659217877094972
0.6424581005586593
0.6815642458100558
0.6871508379888268
0.6256983240223464
0.664804469273743
0.6145251396648045
0.7150837988826816
0.6815642458100558
0.6480446927374302
0.6759776536312849
0.7206703910614525
0.659217877094972
0.6927374301675978
0.7039106145251397
0.6256983240223464
0.6983240223463687
0.6256983240223464
Current neighbors: 27
Distance
0.6368715083798883
0.7150837988826816
0.6368715083798883
0.6256983240223464
0.6703910614525139
0.6759776536312849
0.6368715083798883
0.6759776536312849
0.6368715083798883
0.7318435754189944
0.6983240223463687
0.659217877094972
0.7039106145251397
0.7039106145251397
0.664804469273743
0.6983240223463687
0.6871508379888268
0.6312849162011173
0.7206703910614525
0.6480446927374302
Uniform:
0.659217877094972
0.7262569832402235
0.664804469273743
0.6368715083798883
0.6759776536312849
0.6703910614525139
0.6312849162011173
0.6759776536312849
0.6201117318435754
0.7262569832402235
0.6871508379888268
0.6536312849162011
0.6983240223463687
0.7150837988826816
0.659217877094972
0.6983240223463687
0.7039106145251397
0.6312849162011173
0.7039106145251397
0.6424581005586593
Current neighbors: 28
Distance
0.6256983240223464
0.7206703910614525
0.6480446927374302
0.6312849162011173
0.6759776536312849
0.6703910614525139
0.6424581005586593
0.664804469273743
0.6424581005586593
0.7206703910614525
0.6871508379888268
0.659217877094972
0.6983240223463687
0.6927374301675978
0.664804469273743
0.6983240223463687
0.6927374301675978
0.6256983240223464
0.7262569832402235
0.6536312849162011
Uniform:
0.664804469273743
0.7206703910614525
0.6703910614525139
0.6368715083798883
0.6815642458100558
0.6871508379888268
0.6312849162011173
0.6703910614525139
0.6201117318435754
0.7094972067039106
0.664804469273743
0.6480446927374302
0.664804469273743
0.7094972067039106
0.659217877094972
0.6927374301675978
0.6927374301675978
0.6256983240223464
0.6983240223463687
0.6256983240223464
Current neighbors: 29
Distance
0.6256983240223464
0.7150837988826816
0.6424581005586593
0.6256983240223464
0.6759776536312849
0.6759776536312849
0.6424581005586593
0.6536312849162011
0.6424581005586593
0.7318435754189944
0.6983240223463687
0.6480446927374302
0.6983240223463687
0.6815642458100558
0.6759776536312849
0.6983240223463687
0.6871508379888268
0.6424581005586593
0.7206703910614525
0.6536312849162011
Uniform:
0.6536312849162011
0.7206703910614525
0.6759776536312849
0.6424581005586593
0.6759776536312849
0.6815642458100558
0.6312849162011173
0.6759776536312849
0.6256983240223464
0.6927374301675978
0.6759776536312849
0.6480446927374302
0.664804469273743
0.6983240223463687
0.659217877094972
0.6983240223463687
0.6983240223463687
0.6256983240223464
0.6871508379888268
0.6480446927374302
Start Titanic SVM
Current kernel: linear
0.7597765363128491
0.7877094972067039
0.776536312849162
0.7932960893854749
0.8100558659217877
0.770949720670391
0.7932960893854749
0.7541899441340782
0.770949720670391
0.776536312849162
0.8100558659217877
0.770949720670391
0.776536312849162
0.7821229050279329
0.7821229050279329
0.8324022346368715
0.770949720670391
0.776536312849162
0.8379888268156425
0.776536312849162
Current kernel: rbf
0.6368715083798883
0.6703910614525139
0.6536312849162011
0.6201117318435754
0.6256983240223464
0.6368715083798883
0.5698324022346368
0.659217877094972
0.5865921787709497
0.6703910614525139
0.6368715083798883
0.6424581005586593
0.6424581005586593
0.659217877094972
0.6089385474860335
0.6703910614525139
0.6480446927374302
0.5977653631284916
0.6536312849162011
0.5921787709497207
Current kernel: poly
0.6368715083798883
0.6983240223463687
0.6201117318435754
0.5921787709497207
0.6312849162011173
0.6368715083798883
0.5921787709497207
0.659217877094972
0.5921787709497207
0.6759776536312849
0.659217877094972
0.6536312849162011
0.6312849162011173
0.6815642458100558
0.6480446927374302
0.6759776536312849
0.6312849162011173
0.5865921787709497
0.6759776536312849
0.6145251396648045
Current kernel: sigmoid
0.5027932960893855
0.5195530726256983
0.5083798882681564
0.5027932960893855
0.553072625698324
0.5083798882681564
0.49162011173184356
0.49162011173184356
0.48044692737430167
0.553072625698324
0.547486033519553
0.553072625698324
0.5139664804469274
0.5418994413407822
0.5642458100558659
0.5307262569832403
0.4748603351955307
0.5865921787709497
0.5642458100558659
0.553072625698324
Start Cardio knn
Current neighbors: 1
Distance
0.5432793807178043
0.5386464930799906
0.5421651419188365
0.5448041285479709
0.5425756509500352
0.5405231057940417
0.5354797091250293
0.54421768707483
0.5421064977715224
0.5433966690124326
0.542458362655407
0.5431620924231761
0.5398193760262726
0.5443936195167722
0.5371803893971382
0.5439244663382594
0.539526155289702
0.5403471733520995
0.5500234576589257
0.5350105559465166
Uniform:
0.5432793807178043
0.5386464930799906
0.5421651419188365
0.5448041285479709
0.5425756509500352
0.5405231057940417
0.5354797091250293
0.54421768707483
0.5421064977715224
0.5433966690124326
0.542458362655407
0.5431620924231761
0.5398193760262726
0.5443936195167722
0.5371803893971382
0.5439244663382594
0.539526155289702
0.5403471733520995
0.5500234576589257
0.5350105559465166
Current neighbors: 2
Distance
0.5432793807178043
0.5386464930799906
0.5421651419188365
0.5448041285479709
0.5425756509500352
0.5405231057940417
0.5354797091250293
0.54421768707483
0.5421064977715224
0.5433966690124326
0.542458362655407
0.5431620924231761
0.5398193760262726
0.5443936195167722
0.5371803893971382
0.5439244663382594
0.539526155289702
0.5403471733520995
0.5500234576589257
0.5350105559465166
Uniform:
0.5409922589725545
0.5356556415669717
0.5362420830401126
0.5350692000938306
0.5380600516068497
0.5302017358667604
0.5384705606380483
0.5343068261787474
0.5388224255219329
0.5380014074595355
0.5405231057940417
0.5357729298615999
0.5364180154820549
0.5321956368754398
0.5310813980764719
0.5391156462585034
0.5379427633122215
0.5331339432324654
0.5425170068027211
0.534072249589491
Current neighbors: 3
Distance
0.5519000703729767
0.5433966690124326
0.5496715927750411
0.5485573539760732
0.5477949800609899
0.5503753225428102
0.5483814215341309
0.5479709125029322
0.5492024395965283
0.5499648135116115
0.5489678630072719
0.5479709125029322
0.5507271874266948
0.5513136288998358
0.5496715927750411
0.5425756509500352
0.5459770114942529
0.5451559934318555
0.553835327234342
0.5449214168425991
Uniform:
0.5503166783954961
0.5446281961060286
0.5483814215341309
0.5486746422707014
0.5437485338963172
0.549026507154586
0.5470326061459067
0.5467980295566502
0.5480295566502463
0.5472671827351631
0.5494370161857847
0.5464461646727656
0.5491437954492142
0.546035655641567
0.5517241379310345
0.5401712409101571
0.5465048088200798
0.544862772695285
0.5530143091719446
0.546035655641567
Current neighbors: 4
Distance
0.5520173586676049
0.5487919305653296
0.5524865118461177
0.5533075299085152
0.5481468449448745
0.555008210180624
0.5462115880835092
0.5510790523105794
0.5509031198686372
0.5495543044804129
0.5516068496364063
0.5470326061459067
0.5500234576589257
0.552603800140746
0.5489678630072719
0.5485573539760732
0.5471498944405349
0.5499648135116115
0.5600516068496364
0.5432207365704903
Uniform:
0.5506098991320666
0.5438658221909454
0.5483814215341309
0.5471498944405349
0.54421768707483
0.5437485338963172
0.5449800609899133
0.5469153178512784
0.5448041285479709
0.5425756509500352
0.5452732817264837
0.5382946281961061
0.543631245601689
0.5433966690124326
0.5411095472671827
0.5427515833919775
0.5437485338963172
0.5448041285479709
0.5538939713816561
0.5456251466103683
Current neighbors: 5
Distance
0.5540112596762843
0.5536593947923997
0.5585268590194699
0.5533661740558292
0.5520173586676049
0.5595824536711236
0.5545977011494253
0.5548909218859958
0.5531315974665728
0.5545977011494253
0.5537766830870279
0.5520760028149191
0.5545977011494253
0.5524278676988037
0.5515482054890922
0.553248885761201
0.5530143091719446
0.5531315974665728
0.5579404175463288
0.5504926108374384
Uniform:
0.553835327234342
0.5523105794041755
0.5526624442880601
0.5540112596762843
0.5509031198686372
0.5588787239033545
0.5541871921182266
0.5534248182031434
0.5540112596762843
0.5548909218859958
0.5501993901008679
0.5517241379310345
0.5544217687074829
0.5528383767300024
0.5500821018062397
0.5533661740558292
0.5494956603330987
0.5552427867698804
0.5544217687074829
0.5566502463054187
Current neighbors: 6
Distance
0.557412620220502
0.5551254984752522
0.5585268590194699
0.5575885526624443
0.5546563452967394
0.5590546563452967
0.5516654937837204
0.5558878723903354
0.5557705840957072
0.555594651653765
0.5576471968097584
0.5514895613417781
0.5577058409570724
0.5577058409570724
0.5536593947923997
0.5545977011494253
0.5519587145202909
0.5570021111893033
0.5595238095238095
0.5516068496364063
Uniform:
0.5531315974665728
0.5522519352568613
0.5521932911095473
0.5507271874266948
0.5533075299085152
0.5515482054890922
0.5534834623504574
0.5552427867698804
0.5541285479709125
0.5506098991320666
0.5511376964578935
0.5458010790523106
0.5544804128547971
0.5524278676988037
0.5504339666901243
0.5519587145202909
0.5501993901008679
0.553248885761201
0.5543044804128548
0.5565916021581047
Current neighbors: 7
Distance
0.5605207600281492
0.5570021111893033
0.5598756744076941
0.5589373680506685
0.5568848228946751
0.5610485573539761
0.5588200797560403
0.5592305887872391
0.5590546563452967
0.5561224489795918
0.5596997419657518
0.558057705840957
0.5620455078583158
0.5584095707248417
0.5558878723903354
0.5569434670419892
0.5554773633591368
0.5605794041754633
0.5608139807647197
0.5565916021581047
Uniform:
0.55981703026038
0.5565916021581047
0.5600516068496364
0.5595824536711236
0.555653295801079
0.5594065212291813
0.5593478770818673
0.5577644851043866
0.5606380483227774
0.5596410978184377
0.5602275392915786
0.5591133004926109
0.5613417780905465
0.5587614356087263
0.5597583861130659
0.5554187192118226
0.5550668543279381
0.560989913206662
0.5579404175463288
0.5623973727422004
Current neighbors: 8
Distance
0.5607553366174056
0.5605207600281492
0.5645085620455078
0.56339432324654
0.5595238095238095
0.5643912737508796
0.5597583861130659
0.5598756744076941
0.5605207600281492
0.5611072015012901
0.562807881773399
0.5589960121979827
0.5625733051841426
0.5599343185550082
0.5589373680506685
0.5572366877785597
0.5578231292517006
0.5655055125498475
0.5625146610368286
0.5577644851043866
Uniform:
0.5599343185550082
0.5571193994839315
0.5602275392915786
0.5570021111893033
0.5620455078583158
0.5568261787473611
0.5643912737508796
0.5603448275862069
0.5614004222378607
0.560462115880835
0.5640394088669951
0.5550668543279381
0.5598756744076941
0.5552427867698804
0.5587027914614121
0.5582336382828994
0.5581749941355852
0.5616936429744311
0.560462115880835
0.5666197513488154
Current neighbors: 9
Distance
0.563980764719681
0.5631011025099695
0.5666783954961295
0.5642153413089374
0.5623387285948862
0.565153647665963
0.5638048322777387
0.5592305887872391
0.5634529673938541
0.5642739854562515
0.5662092423176167
0.5616349988271171
0.5644499178981938
0.5623973727422004
0.560989913206662
0.5619282195636875
0.5611072015012901
0.565153647665963
0.5640980530143092
0.5635702556884823
Uniform:
0.5686722965048088
0.564567206192822
0.5649777152240206
0.567030260380014
0.5623973727422004
0.564567206192822
0.5681444991789819
0.5633356790992259
0.5667956837907577
0.5650950035186488
0.5650363593713348
0.562162796152944
0.5601102509969506
0.5644499178981938
0.5640980530143092
0.5630424583626554
0.5615763546798029
0.5650363593713348
0.5640394088669951
0.5712526389866291
Current neighbors: 10
Distance
0.5640980530143092
0.5661505981703026
0.569962467745719
0.5662092423176167
0.5653295801079052
0.567030260380014
0.5669716162327
0.5628665259207131
0.5665024630541872
0.5659746657283603
0.5666197513488154
0.5622800844475722
0.5625146610368286
0.5663265306122449
0.5646844944874502
0.5607553366174056
0.5623973727422004
0.566385174759559
0.565153647665963
0.5649190710767066
Uniform:
0.5642739854562515
0.5683790757682383
0.567616701853155
0.5637461881304245
0.5703729767769177
0.5623387285948862
0.5731292517006803
0.565153647665963
0.5648604269293924
0.5636288998357963
0.5653295801079052
0.5587614356087263
0.5583509265775276
0.563980764719681
0.5613417780905465
0.5596410978184377
0.5607553366174056
0.5628665259207131
0.5645085620455078
0.571780436312456
Current neighbors: 11
Distance
0.5665611072015013
0.5691414496833216
0.5703729767769177
0.5659160215810463
0.569317382125264
0.567030260380014
0.5698451794510908
0.5635116115411682
0.5677926342950973
0.5689655172413793
0.567030260380014
0.5644499178981938
0.565153647665963
0.5637461881304245
0.5659746657283603
0.5662092423176167
0.5662678864649308
0.5680272108843537
0.5680272108843537
0.5695519587145202
Uniform:
0.5707248416608023
0.571780436312456
0.5724841660802252
0.5689655172413793
0.5712526389866291
0.5671475486746422
0.5730119634060521
0.5661505981703026
0.5715458597231996
0.571193994839315
0.5673234811165846
0.5631597466572836
0.5608726249120338
0.5697278911564626
0.5673821252638986
0.5656814449917899
0.5652709359605911
0.5706661975134881
0.5696692470091484
0.5752990851513019
Current neighbors: 12
Distance
0.5706075533661741
0.5665611072015013
0.5710180623973727
0.5679685667370397
0.5715458597231996
0.5678512784424115
0.5681444991789819
0.5660333098756745
0.5672061928219564
0.5696692470091484
0.5672061928219564
0.5658573774337321
0.5649190710767066
0.5674407694112128
0.5666783954961295
0.5630424583626554
0.5636875439831105
0.567558057705841
0.5685550082101807
0.5700211118930331
Uniform:
0.5710180623973727
0.5705489092188599
0.5731292517006803
0.5659746657283603
0.5699038235984049
0.5672061928219564
0.5745367112362186
0.569317382125264
0.571780436312456
0.5698451794510908
0.5680272108843537
0.5626319493314568
0.5631011025099695
0.5673234811165846
0.5653295801079052
0.5621041520056298
0.5670889045273282
0.5670889045273282
0.5697278911564626
0.573539760731879
Current neighbors: 13
Distance
0.5713699272812574
0.5690828055360075
0.5721909453436547
0.5696692470091484
0.5721909453436547
0.5687309406521229
0.5738916256157636
0.5678512784424115
0.569376026272578
0.5681444991789819
0.5686722965048088
0.5688482289467511
0.5683790757682383
0.5688482289467511
0.5685550082101807
0.5660333098756745
0.5677339901477833
0.5701384001876613
0.5699038235984049
0.5727187426694816
Uniform:
0.5712526389866291
0.5724255219329111
0.576530612244898
0.5707834858081163
0.5728946751114239
0.5701970443349754
0.5748299319727891
0.5688482289467511
0.5737156931738212
0.5687309406521229
0.5665024630541872
0.5709594182500587
0.5666197513488154
0.571721792165142
0.567030260380014
0.5658573774337321
0.5726600985221675
0.5698451794510908
0.5706075533661741
0.5784072249589491
Current neighbors: 14
Distance
0.5714872155758856
0.5697865353037767
0.5740675580577058
0.5694933145672062
0.5724255219329111
0.5683204316209243
0.5749472202674173
0.5677926342950973
0.5720736570490265
0.5700797560403472
0.5680858550316679
0.5679099225897255
0.5652709359605911
0.5677926342950973
0.567616701853155
0.5667956837907577
0.5701384001876613
0.5727187426694816
0.5684963640628665
0.5744194229415904
Uniform:
0.5713699272812574
0.5709594182500587
0.5769997654234107
0.5691414496833216
0.5726600985221675
0.569376026272578
0.5774689186019235
0.5708421299554305
0.5755923058878724
0.5686722965048088
0.5670889045273282
0.5689655172413793
0.5661505981703026
0.5686722965048088
0.5655641566971616
0.566385174759559
0.5729533192587379
0.572366877785597
0.5706661975134881
0.57412620220502
Current neighbors: 15
Distance
0.5712526389866291
0.5718977246070842
0.5749472202674173
0.5683790757682383
0.5754163734459301
0.5712526389866291
0.5752990851513019
0.5709594182500587
0.5724255219329111
0.5684963640628665
0.5716631480178278
0.5704902650715459
0.5662092423176167
0.5686722965048088
0.568789584799437
0.5679099225897255
0.5697865353037767
0.5704902650715459
0.5703143326296035
0.5747126436781609
Uniform:
0.5732465399953085
0.5733051841426225
0.5754750175932442
0.571193994839315
0.5761201032136992
0.5714872155758856
0.5758855266244429
0.5710180623973727
0.5761201032136992
0.5687309406521229
0.5728360309641097
0.5728360309641097
0.5680272108843537
0.5705489092188599
0.5691414496833216
0.5638048322777387
0.574184846352334
0.5703143326296035
0.5731292517006803
0.5784658691062632
Current neighbors: 16
Distance
0.5709007741027445
0.5724255219329111
0.5756509500351865
0.5700797560403472
0.5749472202674173
0.574184846352334
0.5757682383298147
0.5714872155758856
0.574184846352334
0.5704316209242317
0.5699038235984049
0.569434670419892
0.5689068730940652
0.5714285714285714
0.5686136523574947
0.567030260380014
0.5724255219329111
0.5710180623973727
0.5703143326296035
0.5781726483696927
Uniform:
0.572366877785597
0.5707248416608023
0.5777034951911799
0.569434670419892
0.5760614590663852
0.5701384001876613
0.5764719680975838
0.5715458597231996
0.5782312925170068
0.5700211118930331
0.5716045038705138
0.5687309406521229
0.5697278911564626
0.5701970443349754
0.5703143326296035
0.564567206192822
0.5726014543748534
0.569376026272578
0.569317382125264
0.5795801079052311
Current neighbors: 17
Distance
0.5727187426694816
0.5740089139103918
0.5748885761201032
0.5709007741027445
0.5751817968566737
0.5758855266244429
0.5757095941825006
0.5730706075533661
0.5748299319727891
0.5702556884822895
0.5730706075533661
0.5709007741027445
0.5701970443349754
0.5721909453436547
0.569434670419892
0.5692000938306357
0.5707248416608023
0.5689655172413793
0.5709007741027445
0.5764133239502698
Uniform:
0.5724841660802252
0.5719563687543983
0.577762139338494
0.5724841660802252
0.5726600985221675
0.5751231527093597
0.5755336617405583
0.5750058644147314
0.5768824771287826
0.5701970443349754
0.5707834858081163
0.5736570490265072
0.5716045038705138
0.5745367112362186
0.5700211118930331
0.5665024630541872
0.5728946751114239
0.5729533192587379
0.5733638282899367
0.5816912972085386
Current neighbors: 18
Distance
0.5726600985221675
0.5720150129017124
0.5768824771287826
0.5726600985221675
0.5766479005395262
0.5767651888341544
0.5758855266244429
0.5755923058878724
0.573539760731879
0.5718977246070842
0.5727187426694816
0.571193994839315
0.569376026272578
0.5728360309641097
0.5697278911564626
0.5681444991789819
0.5733051841426225
0.569376026272578
0.5726600985221675
0.5779967159277504
Uniform:
0.5750058644147314
0.5727773868167957
0.576530612244898
0.5703729767769177
0.5761201032136992
0.5750058644147314
0.575357729298616
0.5740675580577058
0.5778794276331222
0.5696692470091484
0.5703729767769177
0.5678512784424115
0.5709594182500587
0.5715458597231996
0.5705489092188599
0.5663265306122449
0.571193994839315
0.572366877785597
0.5738916256157636
0.5798146844944875
Current neighbors: 19
Distance
0.5738916256157636
0.5750058644147314
0.5764719680975838
0.5748885761201032
0.5757095941825006
0.5779967159277504
0.575357729298616
0.5756509500351865
0.5743021346469622
0.5715458597231996
0.5751817968566737
0.5721909453436547
0.5714872155758856
0.57412620220502
0.5713112831339432
0.5687309406521229
0.5713699272812574
0.5677339901477833
0.5739502697630776
0.5761201032136992
Uniform:
0.5751231527093597
0.5740675580577058
0.578348580811635
0.573598404879193
0.5751231527093597
0.5778207834858081
0.574771287825475
0.5767065446868402
0.5782899366643209
0.5696106028618344
0.5733051841426225
0.5728360309641097
0.5738329814684494
0.5740089139103918
0.5723082336382829
0.5644499178981938
0.5755336617405583
0.571193994839315
0.5754163734459301
0.5799319727891157
Current neighbors: 20
Distance
0.5737156931738212
0.5743021346469622
0.5776448510438659
0.5745953553835327
0.5769997654234107
0.5795214637579169
0.5769411212760966
0.574771287825475
0.5740675580577058
0.5737156931738212
0.576589256392212
0.5740675580577058
0.5731292517006803
0.5747126436781609
0.571721792165142
0.5682617874736101
0.5725428102275393
0.5683790757682383
0.5732465399953085
0.5780553600750645
Uniform:
0.5748885761201032
0.5744194229415904
0.5786418015482054
0.5748299319727891
0.5745953553835327
0.5777034951911799
0.5743021346469622
0.5742434904996482
0.5798733286418015
0.5697278911564626
0.5748299319727891
0.5709007741027445
0.5725428102275393
0.5737156931738212
0.5698451794510908
0.565153647665963
0.5743021346469622
0.5732465399953085
0.5740675580577058
0.5826296035655641
Current neighbors: 21
Distance
0.5750645085620455
0.5757682383298147
0.575944170771757
0.5758268824771288
0.5758268824771288
0.580694346704199
0.5776448510438659
0.573598404879193
0.5750058644147314
0.5704902650715459
0.5787590898428336
0.5761787473610134
0.5719563687543983
0.5761201032136992
0.5742434904996482
0.5700797560403472
0.5727187426694816
0.5677339901477833
0.57412620220502
0.5782312925170068
Uniform:
0.5728946751114239
0.5728946751114239
0.5774102744546095
0.577175697865353
0.5719563687543983
0.580752990851513
0.5758855266244429
0.5760614590663852
0.5801079052310579
0.5712526389866291
0.5804011259676284
0.5739502697630776
0.5725428102275393
0.5757682383298147
0.5745953553835327
0.5711353506920009
0.5749472202674173
0.5740089139103918
0.5772343420126671
0.581339432324654
Current neighbors: 22
Distance
0.5750058644147314
0.5754163734459301
0.578348580811635
0.5780553600750645
0.5775275627492377
0.5812807881773399
0.5761201032136992
0.575944170771757
0.5762373915083274
0.5744194229415904
0.577762139338494
0.5769997654234107
0.5734224724372508
0.5778794276331222
0.572366877785597
0.5701384001876613
0.5728360309641097
0.5709594182500587
0.5754163734459301
0.5793455313159747
Uniform:
0.5769411212760966
0.5726014543748534
0.5801665493783721
0.5778207834858081
0.5733051841426225
0.5772929861599813
0.573598404879193
0.5762373915083274
0.5793455313159747
0.5726600985221675
0.5769997654234107
0.5731878958479943
0.5744194229415904
0.5773516303072953
0.5723082336382829
0.5690241613886934
0.5752404410039879
0.5746539995308468
0.5768238329814684
0.5822190945343655
Current neighbors: 23
Distance
0.575357729298616
0.5754163734459301
0.5785245132535773
0.5764133239502698
0.5775862068965517
0.5808116349988272
0.5768238329814684
0.5774689186019235
0.5772929861599813
0.5714285714285714
0.577762139338494
0.5785831574008914
0.5740675580577058
0.5768238329814684
0.571780436312456
0.5727773868167957
0.575357729298616
0.5702556884822895
0.5769411212760966
0.580752990851513
Uniform:
0.5773516303072953
0.574184846352334
0.5818085855031668
0.580752990851513
0.5755336617405583
0.5790523105794042
0.5769411212760966
0.5788763781374618
0.5813980764719681
0.5726014543748534
0.5801079052310579
0.5775275627492377
0.5751231527093597
0.5760614590663852
0.5737743373211354
0.5754163734459301
0.5755336617405583
0.5744194229415904
0.57899366643209
0.5815740089139104
Current neighbors: 24
Distance
0.5754750175932442
0.5764719680975838
0.5778207834858081
0.5778207834858081
0.5781140042223786
0.5808702791461412
0.5752990851513019
0.5774689186019235
0.5768824771287826
0.5756509500351865
0.577175697865353
0.5764719680975838
0.5744780670889045
0.5791109547267183
0.5712526389866291
0.5726014543748534
0.5752404410039879
0.5732465399953085
0.5762960356556416
0.5808702791461412
Uniform:
0.5774689186019235
0.5736570490265072
0.5799906169364297
0.5792282430213465
0.5745953553835327
0.5795214637579169
0.5740675580577058
0.5750058644147314
0.5816326530612245
0.5716631480178278
0.5804011259676284
0.5718977246070842
0.5749472202674173
0.5772343420126671
0.571780436312456
0.5737743373211354
0.5767651888341544
0.5750645085620455
0.5802838376730002
0.5829228243021346
Current neighbors: 25
Distance
0.576530612244898
0.577762139338494
0.5796387520525451
0.5774689186019235
0.5779380717804363
0.5818085855031668
0.5757682383298147
0.5780553600750645
0.5763546798029556
0.5721909453436547
0.5768824771287826
0.5779967159277504
0.5744780670889045
0.5791109547267183
0.5738329814684494
0.5718977246070842
0.5758268824771288
0.5730706075533661
0.5772343420126671
0.5816326530612245
Uniform:
0.5787004456955196
0.5767651888341544
0.5822190945343655
0.5801665493783721
0.5744780670889045
0.5799906169364297
0.5762960356556416
0.5769411212760966
0.583098756744077
0.5724841660802252
0.5815740089139104
0.576530612244898
0.5786418015482054
0.5761201032136992
0.5755336617405583
0.5763546798029556
0.5784658691062632
0.5757682383298147
0.5762960356556416
0.5839784189537884
Current neighbors: 26
Distance
0.5755923058878724
0.5792868871686606
0.5801079052310579
0.5795801079052311
0.5772343420126671
0.5815740089139104
0.5772343420126671
0.5781140042223786
0.577175697865353
0.5747126436781609
0.5782899366643209
0.5781726483696927
0.5761201032136992
0.5798733286418015
0.5727773868167957
0.5738916256157636
0.5743607787942764
0.5730706075533661
0.5774102744546095
0.5815153647665963
Uniform:
0.5799319727891157
0.5785245132535773
0.5803424818203143
0.5792282430213465
0.575357729298616
0.5778794276331222
0.577762139338494
0.5751231527093597
0.5850340136054422
0.5725428102275393
0.5816326530612245
0.5738916256157636
0.5754750175932442
0.5778207834858081
0.5752990851513019
0.5777034951911799
0.5761787473610134
0.5761787473610134
0.5796387520525451
0.5857377433732114
Current neighbors: 27
Distance
0.5769411212760966
0.5793455313159747
0.5803424818203143
0.5775275627492377
0.5779380717804363
0.581925873797795
0.5764133239502698
0.5781726483696927
0.5785245132535773
0.5743607787942764
0.5778207834858081
0.5790523105794042
0.5769411212760966
0.5798733286418015
0.5748299319727891
0.5725428102275393
0.5760028149190711
0.5711353506920009
0.5766479005395262
0.583098756744077
Uniform:
0.5801665493783721
0.5784658691062632
0.5821604503870513
0.5798146844944875
0.5747126436781609
0.5796973961998593
0.5777034951911799
0.5799906169364297
0.5869692704668074
0.5737743373211354
0.5843889279849871
0.5788177339901478
0.5799319727891157
0.5802838376730002
0.5778207834858081
0.5781726483696927
0.5775275627492377
0.5739502697630776
0.5772929861599813
0.5847994370161858
Current neighbors: 28
Distance
0.575357729298616
0.5796973961998593
0.5808702791461412
0.5779380717804363
0.5795801079052311
0.5810462115880836
0.5778207834858081
0.5785245132535773
0.5796387520525451
0.5752990851513019
0.5805770584095707
0.5782899366643209
0.5763546798029556
0.5792868871686606
0.5733638282899367
0.57412620220502
0.5773516303072953
0.5723082336382829
0.5787590898428336
0.5838611306591602
Uniform:
0.5792282430213465
0.5778207834858081
0.5824536711236219
0.5784658691062632
0.5752404410039879
0.5799319727891157
0.5788177339901478
0.5785245132535773
0.5860309641097818
0.5748299319727891
0.5829814684494488
0.5755923058878724
0.5768238329814684
0.5791695988740324
0.5767065446868402
0.5758855266244429
0.5775275627492377
0.5751817968566737
0.5799319727891157
0.583743842364532
Current neighbors: 29
Distance
0.5757682383298147
0.5794041754632888
0.5804597701149425
0.5781726483696927
0.580694346704199
0.5823950269763077
0.5792868871686606
0.5791109547267183
0.5795214637579169
0.5748299319727891
0.5799906169364297
0.5794041754632888
0.5778794276331222
0.5785245132535773
0.5742434904996482
0.5744194229415904
0.5769411212760966
0.5718977246070842
0.5786418015482054
0.5836265540699038
Uniform:
0.5791695988740324
0.5770584095707249
0.5816912972085386
0.5818085855031668
0.5738916256157636
0.583157400891391
0.5794041754632888
0.5818672296504809
0.5860309641097818
0.5775862068965517
0.5836851982172179
0.5788177339901478
0.5761787473610134
0.5809289232934554
0.5800492610837439
0.5796387520525451
0.5788763781374618
0.57412620220502
0.5780553600750645
0.5848580811634999

Start Iris knn
Current neighbors: 1
Distance
1.0
1.0
0.9736842105263158
1.0
1.0
1.0
1.0
1.0
1.0
1.0
1.0
1.0
1.0
1.0
1.0
1.0
1.0
1.0
1.0
1.0
Uniform:
1.0
1.0
0.9736842105263158
1.0
1.0
1.0
1.0
1.0
1.0
1.0
1.0
1.0
1.0
1.0
1.0
1.0
1.0
1.0
1.0
1.0
Current neighbors: 2
Distance
1.0
1.0
0.9736842105263158
1.0
1.0
1.0
1.0
1.0
1.0
1.0
1.0
1.0
1.0
1.0
1.0
1.0
1.0
1.0
1.0
1.0
Uniform:
1.0
1.0
1.0
1.0
0.9736842105263158
1.0
1.0
1.0
1.0
1.0
0.9736842105263158
1.0
1.0
1.0
1.0
1.0
1.0
1.0
1.0
1.0
Current neighbors: 3
Distance
1.0
1.0
0.9736842105263158
1.0
0.9736842105263158
1.0
1.0
1.0
1.0
1.0
0.9736842105263158
1.0
1.0
1.0
1.0
1.0
1.0
1.0
1.0
1.0
Uniform:
1.0
1.0
0.9736842105263158
1.0
0.9736842105263158
1.0
1.0
1.0
1.0
1.0
0.9736842105263158
1.0
1.0
1.0
1.0
0.9736842105263158
1.0
1.0
1.0
1.0
Current neighbors: 4
Distance
1.0
1.0
0.9736842105263158
1.0
1.0
1.0
1.0
1.0
1.0
1.0
0.9736842105263158
1.0
1.0
1.0
1.0
1.0
1.0
1.0
1.0
1.0
Uniform:
1.0
1.0
0.9736842105263158
1.0
0.9736842105263158
1.0
1.0
1.0
1.0
1.0
0.9473684210526315
1.0
0.9736842105263158
1.0
0.9736842105263158
1.0
0.9736842105263158
1.0
1.0
1.0
Current neighbors: 5
Distance
1.0
1.0
1.0
1.0
0.9736842105263158
1.0
1.0
1.0
1.0
1.0
0.9736842105263158
1.0
1.0
1.0
1.0
1.0
1.0
0.9736842105263158
1.0
1.0
Uniform:
1.0
1.0
1.0
1.0
0.9736842105263158
0.9736842105263158
1.0
1.0
1.0
1.0
0.9736842105263158
1.0
1.0
1.0
0.9736842105263158
0.9736842105263158
1.0
0.9736842105263158
1.0
1.0
Current neighbors: 6
Distance
1.0
1.0
1.0
1.0
1.0
1.0
1.0
1.0
1.0
1.0
0.9736842105263158
1.0
1.0
1.0
1.0
1.0
1.0
1.0
1.0
1.0
Uniform:
1.0
1.0
1.0
0.9736842105263158
0.9736842105263158
0.9736842105263158
1.0
1.0
1.0
0.9736842105263158
0.9473684210526315
0.9736842105263158
0.9736842105263158
0.9736842105263158
0.9736842105263158
0.9736842105263158
0.9736842105263158
0.9736842105263158
1.0
1.0
Current neighbors: 7
Distance
1.0
1.0
1.0
1.0
1.0
1.0
1.0
1.0
1.0
1.0
0.9473684210526315
1.0
1.0
1.0
1.0
1.0
1.0
0.9736842105263158
1.0
1.0
Uniform:
1.0
1.0
1.0
1.0
1.0
0.9473684210526315
1.0
1.0
1.0
1.0
0.9473684210526315
1.0
1.0
0.9736842105263158
0.9736842105263158
0.9210526315789473
0.9736842105263158
0.9210526315789473
1.0
1.0
Current neighbors: 8
Distance
1.0
1.0
1.0
1.0
1.0
1.0
1.0
1.0
1.0
1.0
0.9736842105263158
1.0
1.0
1.0
1.0
0.9736842105263158
1.0
0.9736842105263158
1.0
1.0
Uniform:
0.9736842105263158
1.0
0.9736842105263158
0.9736842105263158
1.0
0.9736842105263158
1.0
1.0
1.0
1.0
0.9473684210526315
0.9473684210526315
0.9473684210526315
0.9736842105263158
0.9736842105263158
0.9210526315789473
0.9736842105263158
0.9473684210526315
1.0
1.0
Current neighbors: 9
Distance
1.0
1.0
1.0
1.0
1.0
1.0
1.0
1.0
1.0
1.0
0.9736842105263158
1.0
1.0
1.0
1.0
0.9736842105263158
1.0
0.9736842105263158
1.0
1.0
Uniform:
1.0
1.0
0.9736842105263158
1.0
0.9736842105263158
0.9736842105263158
1.0
1.0
1.0
0.9736842105263158
0.9736842105263158
0.9473684210526315
1.0
0.9736842105263158
0.9736842105263158
0.9210526315789473
0.9736842105263158
0.9210526315789473
1.0
1.0
Current neighbors: 10
Distance
1.0
1.0
1.0
1.0
1.0
1.0
1.0
1.0
1.0
1.0
0.9736842105263158
1.0
1.0
1.0
1.0
0.9736842105263158
1.0
0.9736842105263158
1.0
1.0
Uniform:
1.0
1.0
0.9736842105263158
0.9736842105263158
0.9736842105263158
0.9736842105263158
1.0
1.0
1.0
1.0
0.9473684210526315
0.9473684210526315
0.9736842105263158
0.9736842105263158
0.9736842105263158
0.9210526315789473
0.9736842105263158
0.9473684210526315
1.0
1.0
Current neighbors: 11
Distance
1.0
1.0
1.0
1.0
1.0
1.0
1.0
1.0
1.0
1.0
0.9736842105263158
1.0
1.0
1.0
1.0
0.9736842105263158
1.0
0.9736842105263158
1.0
1.0
Uniform:
1.0
1.0
1.0
1.0
0.9736842105263158
0.9736842105263158
1.0
1.0
1.0
0.9736842105263158
0.9736842105263158
0.9736842105263158
1.0
0.9736842105263158
0.9736842105263158
0.9210526315789473
0.9736842105263158
0.9210526315789473
1.0
1.0
Current neighbors: 12
Distance
1.0
1.0
1.0
1.0
1.0
1.0
1.0
1.0
1.0
1.0
0.9736842105263158
1.0
1.0
1.0
1.0
0.9736842105263158
1.0
0.9736842105263158
1.0
1.0
Uniform:
1.0
0.9736842105263158
0.9736842105263158
1.0
0.9736842105263158
0.9736842105263158
1.0
1.0
1.0
1.0
0.9473684210526315
0.9473684210526315
1.0
0.9736842105263158
0.9736842105263158
0.9210526315789473
0.9736842105263158
0.9473684210526315
1.0
1.0
Current neighbors: 13
Distance
1.0
1.0
1.0
1.0
1.0
1.0
1.0
1.0
1.0
1.0
0.9736842105263158
1.0
1.0
1.0
1.0
0.9736842105263158
1.0
0.9736842105263158
1.0
1.0
Uniform:
1.0
1.0
1.0
1.0
0.9473684210526315
0.9736842105263158
1.0
1.0
1.0
0.9736842105263158
0.9736842105263158
0.9473684210526315
1.0
0.9736842105263158
0.9736842105263158
0.9210526315789473
1.0
0.9210526315789473
1.0
1.0
Current neighbors: 14
Distance
1.0
1.0
1.0
1.0
1.0
1.0
1.0
1.0
1.0
1.0
0.9736842105263158
1.0
1.0
1.0
1.0
0.9736842105263158
1.0
0.9736842105263158
1.0
1.0
Uniform:
1.0
0.9736842105263158
1.0
1.0
0.9473684210526315
0.9736842105263158
1.0
1.0
1.0
1.0
0.9736842105263158
0.9473684210526315
1.0
0.9736842105263158
0.9736842105263158
0.9210526315789473
0.9736842105263158
0.9473684210526315
1.0
1.0
Current neighbors: 15
Distance
1.0
1.0
1.0
1.0
1.0
1.0
1.0
1.0
1.0
1.0
0.9736842105263158
1.0
1.0
1.0
1.0
0.9736842105263158
1.0
0.9736842105263158
1.0
1.0
Uniform:
1.0
1.0
1.0
1.0
0.9473684210526315
0.9736842105263158
1.0
1.0
1.0
0.9736842105263158
0.9736842105263158
0.9736842105263158
1.0
0.9736842105263158
0.9736842105263158
0.9210526315789473
1.0
0.9210526315789473
1.0
1.0
Current neighbors: 16
Distance
1.0
1.0
1.0
1.0
1.0
1.0
1.0
1.0
1.0
1.0
0.9736842105263158
1.0
1.0
1.0
1.0
0.9736842105263158
1.0
0.9736842105263158
1.0
1.0
Uniform:
1.0
0.9736842105263158
1.0
1.0
0.9473684210526315
0.9736842105263158
1.0
1.0
1.0
1.0
0.9736842105263158
0.9473684210526315
1.0
0.9736842105263158
0.9736842105263158
0.9210526315789473
0.9736842105263158
0.9473684210526315
1.0
1.0
Current neighbors: 17
Distance
1.0
1.0
1.0
1.0
1.0
1.0
1.0
1.0
1.0
1.0
0.9736842105263158
1.0
1.0
1.0
1.0
0.9736842105263158
1.0
0.9736842105263158
1.0
1.0
Uniform:
1.0
1.0
1.0
1.0
0.9473684210526315
0.9736842105263158
1.0
1.0
1.0
1.0
0.9736842105263158
0.9736842105263158
1.0
0.9736842105263158
0.9736842105263158
0.9210526315789473
1.0
0.9473684210526315
1.0
1.0
Current neighbors: 18
Distance
1.0
1.0
1.0
1.0
0.9736842105263158
1.0
1.0
1.0
1.0
1.0
0.9736842105263158
1.0
1.0
1.0
1.0
0.9736842105263158
1.0
0.9736842105263158
1.0
1.0
Uniform:
1.0
0.9473684210526315
0.9736842105263158
1.0
0.9473684210526315
0.9736842105263158
1.0
1.0
1.0
1.0
0.9736842105263158
0.9473684210526315
1.0
0.9736842105263158
0.9736842105263158
0.9210526315789473
0.9473684210526315
0.9473684210526315
1.0
1.0
Current neighbors: 19
Distance
1.0
1.0
1.0
1.0
1.0
1.0
1.0
1.0
1.0
1.0
0.9736842105263158
1.0
1.0
1.0
1.0
0.9736842105263158
1.0
0.9736842105263158
1.0
1.0
Uniform:
1.0
1.0
1.0
1.0
0.9473684210526315
0.9736842105263158
1.0
1.0
1.0
1.0
1.0
0.9736842105263158
1.0
0.9736842105263158
0.9736842105263158
0.9210526315789473
0.9736842105263158
0.9473684210526315
1.0
1.0
Current neighbors: 20
Distance
1.0
1.0
1.0
1.0
0.9736842105263158
1.0
1.0
1.0
1.0
1.0
0.9736842105263158
1.0
1.0
1.0
1.0
0.9736842105263158
1.0
0.9736842105263158
1.0
1.0
Uniform:
1.0
0.9736842105263158
0.9736842105263158
1.0
0.9473684210526315
0.9736842105263158
1.0
1.0
1.0
1.0
0.9736842105263158
0.9473684210526315
1.0
0.9736842105263158
0.9736842105263158
0.9210526315789473
0.9473684210526315
0.9736842105263158
1.0
1.0
Current neighbors: 21
Distance
1.0
1.0
1.0
1.0
1.0
1.0
1.0
1.0
1.0
1.0
0.9736842105263158
1.0
1.0
1.0
1.0
0.9736842105263158
1.0
0.9736842105263158
1.0
1.0
Uniform:
1.0
1.0
0.9736842105263158
1.0
0.9473684210526315
0.9736842105263158
1.0
1.0
1.0
1.0
1.0
0.9736842105263158
1.0
0.9736842105263158
0.9736842105263158
0.8947368421052632
0.9736842105263158
0.9473684210526315
1.0
1.0
Current neighbors: 22
Distance
1.0
1.0
1.0
1.0
0.9736842105263158
1.0
1.0
1.0
1.0
1.0
0.9736842105263158
1.0
1.0
1.0
1.0
0.9736842105263158
1.0
0.9736842105263158
1.0
1.0
Uniform:
0.9736842105263158
0.9736842105263158
0.9736842105263158
1.0
0.9473684210526315
0.9736842105263158
1.0
1.0
1.0
1.0
0.9736842105263158
0.9473684210526315
1.0
0.9736842105263158
0.9736842105263158
0.8947368421052632
0.9473684210526315
0.9736842105263158
1.0
1.0
Current neighbors: 23
Distance
1.0
1.0
1.0
1.0
0.9736842105263158
1.0
1.0
1.0
1.0
1.0
0.9736842105263158
1.0
1.0
1.0
1.0
0.9736842105263158
1.0
0.9473684210526315
1.0
1.0
Uniform:
1.0
0.9736842105263158
0.9736842105263158
1.0
0.9473684210526315
0.9736842105263158
1.0
1.0
1.0
1.0
0.9736842105263158
1.0
1.0
0.9736842105263158
0.9736842105263158
0.8947368421052632
0.9736842105263158
0.9473684210526315
1.0
1.0
Current neighbors: 24
Distance
1.0
1.0
1.0
1.0
0.9736842105263158
1.0
1.0
1.0
1.0
1.0
0.9736842105263158
1.0
1.0
1.0
1.0
0.9736842105263158
1.0
0.9736842105263158
1.0
1.0
Uniform:
1.0
0.9736842105263158
0.9736842105263158
1.0
0.9210526315789473
0.9736842105263158
1.0
1.0
1.0
1.0
0.9473684210526315
0.9473684210526315
1.0
0.9736842105263158
0.9736842105263158
0.8947368421052632
0.9473684210526315
0.9736842105263158
1.0
1.0
Current neighbors: 25
Distance
1.0
1.0
1.0
1.0
0.9736842105263158
1.0
1.0
1.0
1.0
1.0
0.9736842105263158
1.0
1.0
1.0
1.0
0.9736842105263158
1.0
0.9736842105263158
1.0
1.0
Uniform:
1.0
0.9736842105263158
0.9736842105263158
1.0
0.9210526315789473
0.9736842105263158
1.0
1.0
1.0
1.0
0.9736842105263158
0.9736842105263158
1.0
0.9736842105263158
0.9736842105263158
0.9210526315789473
0.9736842105263158
0.9473684210526315
1.0
1.0
Current neighbors: 26
Distance
1.0
1.0
1.0
1.0
0.9736842105263158
1.0
1.0
1.0
1.0
1.0
0.9736842105263158
1.0
1.0
1.0
1.0
0.9736842105263158
1.0
0.9736842105263158
1.0
1.0
Uniform:
0.9736842105263158
0.9736842105263158
0.9736842105263158
1.0
0.9210526315789473
0.9736842105263158
1.0
1.0
1.0
1.0
0.9210526315789473
0.9210526315789473
1.0
0.9736842105263158
0.9736842105263158
0.9210526315789473
0.9473684210526315
0.9736842105263158
1.0
1.0
Current neighbors: 27
Distance
1.0
1.0
1.0
1.0
0.9736842105263158
1.0
1.0
1.0
1.0
1.0
0.9736842105263158
1.0
1.0
1.0
1.0
0.9736842105263158
1.0
0.9736842105263158
1.0
1.0
Uniform:
0.9736842105263158
0.9736842105263158
0.9736842105263158
1.0
0.9210526315789473
0.9736842105263158
1.0
1.0
0.9736842105263158
1.0
0.9736842105263158
0.9473684210526315
1.0
0.9736842105263158
0.9736842105263158
0.9210526315789473
1.0
0.9473684210526315
0.9736842105263158
1.0
Current neighbors: 28
Distance
1.0
1.0
1.0
1.0
0.9736842105263158
1.0
1.0
1.0
1.0
1.0
0.9736842105263158
1.0
1.0
1.0
1.0
0.9736842105263158
1.0
0.9736842105263158
1.0
1.0
Uniform:
0.9736842105263158
0.9736842105263158
0.9736842105263158
1.0
0.8947368421052632
0.9736842105263158
1.0
1.0
1.0
0.9736842105263158
0.9473684210526315
0.9473684210526315
1.0
0.9736842105263158
0.9736842105263158
0.8947368421052632
0.9473684210526315
0.9736842105263158
1.0
1.0
Current neighbors: 29
Distance
1.0
1.0
1.0
1.0
1.0
1.0
1.0
1.0
1.0
1.0
0.9736842105263158
1.0
1.0
1.0
1.0
0.9736842105263158
1.0
0.9736842105263158
1.0
1.0
Uniform:
0.9736842105263158
0.9736842105263158
1.0
1.0
0.9210526315789473
0.9736842105263158
1.0
1.0
0.9736842105263158
1.0
0.9736842105263158
0.9473684210526315
1.0
0.9736842105263158
0.9736842105263158
0.8947368421052632
0.9736842105263158
0.9473684210526315
1.0
1.0
Start Iris SVM
Current kernel: linear
1.0
1.0
0.9736842105263158
1.0
1.0
1.0
1.0
1.0
1.0
1.0
1.0
1.0
1.0
1.0
1.0
1.0
1.0
1.0
1.0
1.0
Current kernel: rbf
1.0
1.0
1.0
1.0
0.9473684210526315
0.9736842105263158
1.0
1.0
1.0
1.0
0.9736842105263158
0.9736842105263158
1.0
0.9736842105263158
0.9736842105263158
0.8947368421052632
0.9736842105263158
0.9473684210526315
1.0
1.0
Current kernel: poly
0.9473684210526315
0.9736842105263158
0.9473684210526315
0.9736842105263158
1.0
1.0
0.9736842105263158
0.9473684210526315
0.9736842105263158
0.9736842105263158
0.8947368421052632
0.8947368421052632
0.9473684210526315
0.9473684210526315
0.9473684210526315
0.9473684210526315
0.9473684210526315
0.9736842105263158
0.9736842105263158
0.9736842105263158
Current kernel: sigmoid
0.18421052631578946
0.23684210526315788
0.2631578947368421
0.2894736842105263
0.23684210526315788
0.39473684210526316
0.13157894736842105
0.21052631578947367
0.2631578947368421
0.2631578947368421
0.13157894736842105
0.23684210526315788
0.10526315789473684
0.23684210526315788
0.21052631578947367
0.21052631578947367
0.2894736842105263
0.21052631578947367
0.34210526315789475
0.10526315789473684
Start FetalHealth knn
Current neighbors: 1
Distance
0.9224952741020794
0.888468809073724
0.8846880907372401
0.9017013232514177
0.9187145557655955
0.9054820415879017
0.888468809073724
0.9243856332703214
0.8960302457466919
0.8865784499054821
0.8846880907372401
0.8941398865784499
0.9035916824196597
0.8960302457466919
0.8922495274102079
0.8827977315689981
0.9035916824196597
0.888468809073724
0.9073724007561437
0.8960302457466919
Uniform:
0.9224952741020794
0.888468809073724
0.8846880907372401
0.9017013232514177
0.9187145557655955
0.9054820415879017
0.888468809073724
0.9243856332703214
0.8960302457466919
0.8865784499054821
0.8846880907372401
0.8941398865784499
0.9035916824196597
0.8960302457466919
0.8922495274102079
0.8827977315689981
0.9035916824196597
0.888468809073724
0.9073724007561437
0.8960302457466919
Current neighbors: 2
Distance
0.9224952741020794
0.888468809073724
0.8846880907372401
0.9017013232514177
0.9187145557655955
0.9054820415879017
0.888468809073724
0.9243856332703214
0.8960302457466919
0.8865784499054821
0.8846880907372401
0.8941398865784499
0.9035916824196597
0.8960302457466919
0.8922495274102079
0.8827977315689981
0.9035916824196597
0.888468809073724
0.9073724007561437
0.8960302457466919
Uniform:
0.9224952741020794
0.8979206049149339
0.8941398865784499
0.9073724007561437
0.8979206049149339
0.8998109640831758
0.8695652173913043
0.8998109640831758
0.9017013232514177
0.8733459357277883
0.8809073724007561
0.8903591682419659
0.8979206049149339
0.888468809073724
0.8865784499054821
0.8733459357277883
0.9073724007561437
0.8865784499054821
0.9092627599243857
0.8941398865784499
Current neighbors: 3
Distance
0.9206049149338374
0.8979206049149339
0.8922495274102079
0.9168241965973535
0.9130434782608695
0.9073724007561437
0.888468809073724
0.9187145557655955
0.8998109640831758
0.8941398865784499
0.8809073724007561
0.8998109640831758
0.9054820415879017
0.9206049149338374
0.9035916824196597
0.8941398865784499
0.9111531190926276
0.8998109640831758
0.9243856332703214
0.9035916824196597
Uniform:
0.9224952741020794
0.8922495274102079
0.8827977315689981
0.9149338374291115
0.9035916824196597
0.9017013232514177
0.8771266540642723
0.9073724007561437
0.9035916824196597
0.8903591682419659
0.8809073724007561
0.9017013232514177
0.9035916824196597
0.9130434782608695
0.8998109640831758
0.8922495274102079
0.9092627599243857
0.9017013232514177
0.9130434782608695
0.8941398865784499
Current neighbors: 4
Distance
0.9243856332703214
0.9035916824196597
0.8903591682419659
0.9130434782608695
0.9168241965973535
0.9149338374291115
0.8903591682419659
0.9300567107750473
0.9073724007561437
0.8941398865784499
0.8846880907372401
0.8998109640831758
0.9149338374291115
0.9224952741020794
0.9054820415879017
0.8903591682419659
0.9111531190926276
0.9035916824196597
0.9224952741020794
0.9054820415879017
Uniform:
0.9224952741020794
0.8941398865784499
0.8903591682419659
0.9149338374291115
0.9035916824196597
0.9035916824196597
0.8714555765595463
0.9111531190926276
0.8979206049149339
0.8827977315689981
0.8771266540642723
0.8960302457466919
0.8998109640831758
0.9035916824196597
0.8998109640831758
0.8827977315689981
0.8960302457466919
0.8941398865784499
0.9073724007561437
0.8846880907372401
Current neighbors: 5
Distance
0.9243856332703214
0.9054820415879017
0.8903591682419659
0.9092627599243857
0.9130434782608695
0.9206049149338374
0.8809073724007561
0.9206049149338374
0.9092627599243857
0.8979206049149339
0.8809073724007561
0.8922495274102079
0.9017013232514177
0.9206049149338374
0.9054820415879017
0.8790170132325141
0.9035916824196597
0.8998109640831758
0.9073724007561437
0.9035916824196597
Uniform:
0.9187145557655955
0.8979206049149339
0.8865784499054821
0.9054820415879017
0.8960302457466919
0.9073724007561437
0.8695652173913043
0.9054820415879017
0.9054820415879017
0.8865784499054821
0.8733459357277883
0.8903591682419659
0.8846880907372401
0.9111531190926276
0.8922495274102079
0.8657844990548205
0.8960302457466919
0.8903591682419659
0.8979206049149339
0.8941398865784499
Current neighbors: 6
Distance
0.9168241965973535
0.8998109640831758
0.8922495274102079
0.9111531190926276
0.9111531190926276
0.9130434782608695
0.888468809073724
0.9262759924385633
0.9111531190926276
0.8998109640831758
0.8865784499054821
0.8941398865784499
0.8998109640831758
0.9054820415879017
0.9017013232514177
0.8846880907372401
0.9054820415879017
0.8922495274102079
0.9035916824196597
0.9017013232514177
Uniform:
0.9054820415879017
0.888468809073724
0.888468809073724
0.8922495274102079
0.8979206049149339
0.8979206049149339
0.8695652173913043
0.9092627599243857
0.9017013232514177
0.8865784499054821
0.8771266540642723
0.8865784499054821
0.8846880907372401
0.8922495274102079
0.8960302457466919
0.8809073724007561
0.8941398865784499
0.8865784499054821
0.8941398865784499
0.8865784499054821
Current neighbors: 7
Distance
0.9092627599243857
0.9111531190926276
0.8922495274102079
0.9017013232514177
0.9130434782608695
0.9149338374291115
0.8809073724007561
0.9111531190926276
0.9054820415879017
0.8998109640831758
0.8865784499054821
0.888468809073724
0.8922495274102079
0.9017013232514177
0.9092627599243857
0.8827977315689981
0.9017013232514177
0.8979206049149339
0.9092627599243857
0.8941398865784499
Uniform:
0.9054820415879017
0.8979206049149339
0.8827977315689981
0.8903591682419659
0.8960302457466919
0.8960302457466919
0.8733459357277883
0.8960302457466919
0.8979206049149339
0.8922495274102079
0.8790170132325141
0.8827977315689981
0.8790170132325141
0.8922495274102079
0.8960302457466919
0.8657844990548205
0.8979206049149339
0.8903591682419659
0.8960302457466919
0.8846880907372401
Current neighbors: 8
Distance
0.9130434782608695
0.9130434782608695
0.8903591682419659
0.9054820415879017
0.9168241965973535
0.9149338374291115
0.8827977315689981
0.9130434782608695
0.9054820415879017
0.8941398865784499
0.8846880907372401
0.888468809073724
0.8960302457466919
0.9035916824196597
0.9035916824196597
0.888468809073724
0.9017013232514177
0.8941398865784499
0.9054820415879017
0.8960302457466919
Uniform:
0.9054820415879017
0.9054820415879017
0.8865784499054821
0.9073724007561437
0.8922495274102079
0.8979206049149339
0.8676748582230623
0.9017013232514177
0.888468809073724
0.8733459357277883
0.8714555765595463
0.8846880907372401
0.8865784499054821
0.8903591682419659
0.888468809073724
0.8638941398865785
0.8998109640831758
0.8960302457466919
0.8960302457466919
0.8827977315689981
Current neighbors: 9
Distance
0.9073724007561437
0.9130434782608695
0.8922495274102079
0.9111531190926276
0.9149338374291115
0.9149338374291115
0.8827977315689981
0.9111531190926276
0.9035916824196597
0.8903591682419659
0.8865784499054821
0.8922495274102079
0.8865784499054821
0.9111531190926276
0.8979206049149339
0.8846880907372401
0.9054820415879017
0.8960302457466919
0.9092627599243857
0.888468809073724
Uniform:
0.9017013232514177
0.9054820415879017
0.8846880907372401
0.9035916824196597
0.9017013232514177
0.8979206049149339
0.8733459357277883
0.8960302457466919
0.8865784499054821
0.8733459357277883
0.8733459357277883
0.8846880907372401
0.8771266540642723
0.9035916824196597
0.8960302457466919
0.8714555765595463
0.8998109640831758
0.8922495274102079
0.8941398865784499
0.8733459357277883
Current neighbors: 10
Distance
0.9111531190926276
0.9092627599243857
0.8941398865784499
0.9092627599243857
0.9130434782608695
0.9149338374291115
0.8827977315689981
0.9168241965973535
0.8998109640831758
0.8941398865784499
0.8903591682419659
0.8903591682419659
0.8865784499054821
0.9035916824196597
0.8998109640831758
0.888468809073724
0.9111531190926276
0.9017013232514177
0.9073724007561437
0.8846880907372401
Uniform:
0.8903591682419659
0.8998109640831758
0.8809073724007561
0.9035916824196597
0.8865784499054821
0.8998109640831758
0.8752362948960303
0.9073724007561437
0.8827977315689981
0.8714555765595463
0.8733459357277883
0.8827977315689981
0.8752362948960303
0.8960302457466919
0.8960302457466919
0.8733459357277883
0.8998109640831758
0.8903591682419659
0.8903591682419659
0.8752362948960303
Current neighbors: 11
Distance
0.9017013232514177
0.9054820415879017
0.8865784499054821
0.9092627599243857
0.9111531190926276
0.9111531190926276
0.8790170132325141
0.9073724007561437
0.9017013232514177
0.8979206049149339
0.8903591682419659
0.888468809073724
0.8865784499054821
0.9092627599243857
0.9035916824196597
0.8865784499054821
0.9092627599243857
0.8979206049149339
0.9092627599243857
0.8846880907372401
Uniform:
0.8960302457466919
0.9092627599243857
0.8790170132325141
0.9073724007561437
0.8865784499054821
0.9017013232514177
0.8676748582230623
0.8998109640831758
0.8790170132325141
0.8752362948960303
0.8752362948960303
0.8695652173913043
0.8714555765595463
0.8998109640831758
0.8903591682419659
0.8771266540642723
0.8960302457466919
0.8941398865784499
0.8941398865784499
0.8733459357277883
Current neighbors: 12
Distance
0.9073724007561437
0.9149338374291115
0.8903591682419659
0.9130434782608695
0.9092627599243857
0.9111531190926276
0.8865784499054821
0.9111531190926276
0.8979206049149339
0.8960302457466919
0.8827977315689981
0.8846880907372401
0.8903591682419659
0.9054820415879017
0.9073724007561437
0.8922495274102079
0.9073724007561437
0.8998109640831758
0.9035916824196597
0.8846880907372401
Uniform:
0.8827977315689981
0.8998109640831758
0.8865784499054821
0.8998109640831758
0.8827977315689981
0.8960302457466919
0.8714555765595463
0.9054820415879017
0.8827977315689981
0.8790170132325141
0.8638941398865785
0.8752362948960303
0.8752362948960303
0.8960302457466919
0.8865784499054821
0.8790170132325141
0.8922495274102079
0.8846880907372401
0.8960302457466919
0.8733459357277883
Current neighbors: 13
Distance
0.9017013232514177
0.9130434782608695
0.8809073724007561
0.9054820415879017
0.9111531190926276
0.9092627599243857
0.8865784499054821
0.9073724007561437
0.8979206049149339
0.8903591682419659
0.8846880907372401
0.8922495274102079
0.8846880907372401
0.9111531190926276
0.8998109640831758
0.8865784499054821
0.9092627599243857
0.8903591682419659
0.9035916824196597
0.8865784499054821
Uniform:
0.8903591682419659
0.9054820415879017
0.8733459357277883
0.8998109640831758
0.888468809073724
0.8960302457466919
0.8695652173913043
0.8998109640831758
0.8846880907372401
0.8771266540642723
0.8657844990548205
0.8771266540642723
0.8714555765595463
0.8922495274102079
0.8846880907372401
0.8809073724007561
0.8998109640831758
0.8865784499054821
0.8998109640831758
0.8752362948960303
Current neighbors: 14
Distance
0.9073724007561437
0.9206049149338374
0.8865784499054821
0.9073724007561437
0.9073724007561437
0.9073724007561437
0.8846880907372401
0.9073724007561437
0.8979206049149339
0.888468809073724
0.8827977315689981
0.888468809073724
0.888468809073724
0.8998109640831758
0.8998109640831758
0.8903591682419659
0.9092627599243857
0.8960302457466919
0.9035916824196597
0.8827977315689981
Uniform:
0.888468809073724
0.9017013232514177
0.8733459357277883
0.9017013232514177
0.8903591682419659
0.9017013232514177
0.8714555765595463
0.8998109640831758
0.888468809073724
0.8752362948960303
0.8620037807183365
0.8752362948960303
0.8733459357277883
0.8903591682419659
0.8809073724007561
0.8809073724007561
0.8979206049149339
0.8846880907372401
0.8998109640831758
0.8714555765595463
Current neighbors: 15
Distance
0.8998109640831758
0.9149338374291115
0.8865784499054821
0.9035916824196597
0.9092627599243857
0.9073724007561437
0.8865784499054821
0.9130434782608695
0.8941398865784499
0.8903591682419659
0.8846880907372401
0.8865784499054821
0.8827977315689981
0.9017013232514177
0.8941398865784499
0.8846880907372401
0.9054820415879017
0.8922495274102079
0.9073724007561437
0.888468809073724
Uniform:
0.888468809073724
0.9111531190926276
0.8771266540642723
0.8960302457466919
0.8903591682419659
0.8903591682419659
0.8714555765595463
0.9054820415879017
0.8846880907372401
0.8733459357277883
0.8620037807183365
0.8733459357277883
0.8676748582230623
0.8979206049149339
0.8790170132325141
0.8771266540642723
0.8998109640831758
0.8903591682419659
0.9035916824196597
0.8771266540642723
Current neighbors: 16
Distance
0.8979206049149339
0.9168241965973535
0.8865784499054821
0.9017013232514177
0.9035916824196597
0.9130434782608695
0.8846880907372401
0.9073724007561437
0.8941398865784499
0.888468809073724
0.8827977315689981
0.8903591682419659
0.8809073724007561
0.8998109640831758
0.8941398865784499
0.8846880907372401
0.9092627599243857
0.8922495274102079
0.9092627599243857
0.8903591682419659
Uniform:
0.8903591682419659
0.8979206049149339
0.8790170132325141
0.8941398865784499
0.8827977315689981
0.8922495274102079
0.8620037807183365
0.8998109640831758
0.8846880907372401
0.8771266540642723
0.8582230623818525
0.8771266540642723
0.8657844990548205
0.888468809073724
0.8809073724007561
0.8752362948960303
0.8998109640831758
0.888468809073724
0.8941398865784499
0.8752362948960303
Current neighbors: 17
Distance
0.8941398865784499
0.9073724007561437
0.8846880907372401
0.9017013232514177
0.9035916824196597
0.9092627599243857
0.8846880907372401
0.9073724007561437
0.8903591682419659
0.888468809073724
0.8827977315689981
0.888468809073724
0.8790170132325141
0.9017013232514177
0.8941398865784499
0.8827977315689981
0.9073724007561437
0.8922495274102079
0.9111531190926276
0.8846880907372401
Uniform:
0.8865784499054821
0.8941398865784499
0.8790170132325141
0.8941398865784499
0.8846880907372401
0.888468809073724
0.8638941398865785
0.8979206049149339
0.8733459357277883
0.8790170132325141
0.8563327032136105
0.8752362948960303
0.8676748582230623
0.8922495274102079
0.8865784499054821
0.8733459357277883
0.8998109640831758
0.888468809073724
0.8922495274102079
0.8733459357277883
Current neighbors: 18
Distance
0.8941398865784499
0.9111531190926276
0.8846880907372401
0.9035916824196597
0.8998109640831758
0.9092627599243857
0.8733459357277883
0.9073724007561437
0.8922495274102079
0.8903591682419659
0.8809073724007561
0.8903591682419659
0.8809073724007561
0.8998109640831758
0.8941398865784499
0.8790170132325141
0.9054820415879017
0.8941398865784499
0.9092627599243857
0.8865784499054821
Uniform:
0.8846880907372401
0.8960302457466919
0.8752362948960303
0.8922495274102079
0.8827977315689981
0.888468809073724
0.8695652173913043
0.8960302457466919
0.8809073724007561
0.8695652173913043
0.8563327032136105
0.8771266540642723
0.8733459357277883
0.888468809073724
0.8790170132325141
0.8752362948960303
0.8941398865784499
0.8865784499054821
0.8903591682419659
0.8676748582230623
Current neighbors: 19
Distance
0.8903591682419659
0.9073724007561437
0.8809073724007561
0.8998109640831758
0.9092627599243857
0.9073724007561437
0.8790170132325141
0.9073724007561437
0.8903591682419659
0.8865784499054821
0.8790170132325141
0.888468809073724
0.8827977315689981
0.9054820415879017
0.8922495274102079
0.8790170132325141
0.8998109640831758
0.8979206049149339
0.9054820415879017
0.8865784499054821
Uniform:
0.8809073724007561
0.8941398865784499
0.8695652173913043
0.8865784499054821
0.8865784499054821
0.8865784499054821
0.8638941398865785
0.8903591682419659
0.8733459357277883
0.8733459357277883
0.8563327032136105
0.8752362948960303
0.8752362948960303
0.888468809073724
0.8771266540642723
0.8752362948960303
0.8903591682419659
0.8903591682419659
0.8827977315689981
0.8695652173913043
Current neighbors: 20
Distance
0.8941398865784499
0.9111531190926276
0.8809073724007561
0.8979206049149339
0.9017013232514177
0.9073724007561437
0.8771266540642723
0.9092627599243857
0.8865784499054821
0.8865784499054821
0.8733459357277883
0.8903591682419659
0.8827977315689981
0.9054820415879017
0.8922495274102079
0.8752362948960303
0.9017013232514177
0.9017013232514177
0.9073724007561437
0.888468809073724
Uniform:
0.8827977315689981
0.8960302457466919
0.8676748582230623
0.888468809073724
0.8827977315689981
0.888468809073724
0.8676748582230623
0.8941398865784499
0.8771266540642723
0.8752362948960303
0.8582230623818525
0.8733459357277883
0.8676748582230623
0.888468809073724
0.8733459357277883
0.8657844990548205
0.888468809073724
0.8865784499054821
0.8865784499054821
0.8733459357277883
Current neighbors: 21
Distance
0.8903591682419659
0.9111531190926276
0.8790170132325141
0.8979206049149339
0.8979206049149339
0.9054820415879017
0.8790170132325141
0.9073724007561437
0.8809073724007561
0.8846880907372401
0.8752362948960303
0.8827977315689981
0.8827977315689981
0.9054820415879017
0.8922495274102079
0.8790170132325141
0.8998109640831758
0.8941398865784499
0.9054820415879017
0.888468809073724
Uniform:
0.8771266540642723
0.8960302457466919
0.8676748582230623
0.8865784499054821
0.8714555765595463
0.8903591682419659
0.8695652173913043
0.888468809073724
0.8657844990548205
0.8733459357277883
0.8525519848771267
0.8733459357277883
0.8657844990548205
0.8790170132325141
0.8733459357277883
0.8638941398865785
0.888468809073724
0.8846880907372401
0.888468809073724
0.8714555765595463
Current neighbors: 22
Distance
0.8941398865784499
0.9111531190926276
0.8827977315689981
0.8960302457466919
0.8998109640831758
0.9092627599243857
0.8827977315689981
0.9111531190926276
0.8809073724007561
0.8846880907372401
0.8733459357277883
0.8865784499054821
0.8827977315689981
0.9054820415879017
0.8922495274102079
0.8809073724007561
0.8998109640831758
0.8941398865784499
0.9092627599243857
0.888468809073724
Uniform:
0.8846880907372401
0.8941398865784499
0.8695652173913043
0.8865784499054821
0.8714555765595463
0.8903591682419659
0.8714555765595463
0.8941398865784499
0.8676748582230623
0.8714555765595463
0.8563327032136105
0.8752362948960303
0.8733459357277883
0.8827977315689981
0.8752362948960303
0.8676748582230623
0.888468809073724
0.8809073724007561
0.8903591682419659
0.8695652173913043
Current neighbors: 23
Distance
0.8922495274102079
0.9054820415879017
0.8809073724007561
0.8941398865784499
0.8979206049149339
0.9035916824196597
0.8809073724007561
0.9130434782608695
0.8809073724007561
0.888468809073724
0.8790170132325141
0.8809073724007561
0.8790170132325141
0.9054820415879017
0.8903591682419659
0.8752362948960303
0.8960302457466919
0.8941398865784499
0.9054820415879017
0.888468809073724
Uniform:
0.8809073724007561
0.8960302457466919
0.8657844990548205
0.8846880907372401
0.8638941398865785
0.8903591682419659
0.8714555765595463
0.8960302457466919
0.8638941398865785
0.8714555765595463
0.8601134215500945
0.8676748582230623
0.8620037807183365
0.8865784499054821
0.8771266540642723
0.8714555765595463
0.8903591682419659
0.8846880907372401
0.8865784499054821
0.8657844990548205
Current neighbors: 24
Distance
0.8922495274102079
0.9092627599243857
0.8809073724007561
0.8960302457466919
0.8979206049149339
0.9092627599243857
0.8827977315689981
0.9149338374291115
0.8846880907372401
0.8865784499054821
0.8733459357277883
0.8846880907372401
0.8752362948960303
0.9035916824196597
0.8903591682419659
0.8714555765595463
0.8998109640831758
0.8941398865784499
0.9054820415879017
0.8846880907372401
Uniform:
0.8846880907372401
0.8941398865784499
0.8695652173913043
0.8846880907372401
0.8714555765595463
0.8827977315689981
0.8714555765595463
0.8960302457466919
0.8695652173913043
0.8695652173913043
0.8544423440453687
0.8676748582230623
0.8620037807183365
0.8809073724007561
0.8752362948960303
0.8695652173913043
0.8846880907372401
0.8809073724007561
0.8865784499054821
0.8676748582230623
Current neighbors: 25
Distance
0.8960302457466919
0.9073724007561437
0.8809073724007561
0.8960302457466919
0.8960302457466919
0.9092627599243857
0.8846880907372401
0.9168241965973535
0.8809073724007561
0.8865784499054821
0.8790170132325141
0.8809073724007561
0.8752362948960303
0.9054820415879017
0.8865784499054821
0.8771266540642723
0.8960302457466919
0.8903591682419659
0.9054820415879017
0.8846880907372401
Uniform:
0.8809073724007561
0.8941398865784499
0.8657844990548205
0.8865784499054821
0.8695652173913043
0.8865784499054821
0.8752362948960303
0.8979206049149339
0.8676748582230623
0.8733459357277883
0.8525519848771267
0.8695652173913043
0.8601134215500945
0.8771266540642723
0.8714555765595463
0.8676748582230623
0.8846880907372401
0.8846880907372401
0.8827977315689981
0.8676748582230623
Current neighbors: 26
Distance
0.8979206049149339
0.9073724007561437
0.8790170132325141
0.8979206049149339
0.8998109640831758
0.9054820415879017
0.8865784499054821
0.9111531190926276
0.8827977315689981
0.888468809073724
0.8790170132325141
0.8846880907372401
0.8752362948960303
0.9035916824196597
0.8865784499054821
0.8771266540642723
0.8960302457466919
0.8903591682419659
0.9092627599243857
0.8846880907372401
Uniform:
0.8846880907372401
0.8922495274102079
0.8676748582230623
0.8865784499054821
0.8733459357277883
0.8827977315689981
0.8695652173913043
0.8960302457466919
0.8714555765595463
0.8733459357277883
0.8563327032136105
0.8676748582230623
0.8676748582230623
0.8771266540642723
0.8714555765595463
0.8676748582230623
0.8827977315689981
0.8827977315689981
0.8827977315689981
0.8771266540642723
Current neighbors: 27
Distance
0.8979206049149339
0.9054820415879017
0.8790170132325141
0.8998109640831758
0.8960302457466919
0.9035916824196597
0.8846880907372401
0.9130434782608695
0.8827977315689981
0.8865784499054821
0.8771266540642723
0.8809073724007561
0.8752362948960303
0.9035916824196597
0.888468809073724
0.8771266540642723
0.8998109640831758
0.8903591682419659
0.9073724007561437
0.8846880907372401
Uniform:
0.8846880907372401
0.8960302457466919
0.8676748582230623
0.8865784499054821
0.8733459357277883
0.8846880907372401
0.8714555765595463
0.8922495274102079
0.8657844990548205
0.8733459357277883
0.8544423440453687
0.8676748582230623
0.8657844990548205
0.8733459357277883
0.8752362948960303
0.8676748582230623
0.8827977315689981
0.8827977315689981
0.8827977315689981
0.8714555765595463
Current neighbors: 28
Distance
0.8960302457466919
0.9054820415879017
0.8790170132325141
0.8979206049149339
0.8998109640831758
0.9035916824196597
0.888468809073724
0.9111531190926276
0.8827977315689981
0.8809073724007561
0.8752362948960303
0.8809073724007561
0.8752362948960303
0.9017013232514177
0.8865784499054821
0.8733459357277883
0.8998109640831758
0.8941398865784499
0.9073724007561437
0.8846880907372401
Uniform:
0.8827977315689981
0.8960302457466919
0.8657844990548205
0.8827977315689981
0.8733459357277883
0.8846880907372401
0.8657844990548205
0.8922495274102079
0.8638941398865785
0.8714555765595463
0.8544423440453687
0.8695652173913043
0.8657844990548205
0.8714555765595463
0.8771266540642723
0.8657844990548205
0.8865784499054821
0.8827977315689981
0.8846880907372401
0.8676748582230623
Current neighbors: 29
Distance
0.8998109640831758
0.9035916824196597
0.8790170132325141
0.8979206049149339
0.8960302457466919
0.8979206049149339
0.8865784499054821
0.9092627599243857
0.8827977315689981
0.8846880907372401
0.8771266540642723
0.8827977315689981
0.8733459357277883
0.9035916824196597
0.888468809073724
0.8733459357277883
0.8998109640831758
0.8865784499054821
0.9054820415879017
0.8827977315689981
Uniform:
0.8827977315689981
0.8960302457466919
0.8601134215500945
0.8771266540642723
0.8733459357277883
0.888468809073724
0.8676748582230623
0.8903591682419659
0.8638941398865785
0.8733459357277883
0.8563327032136105
0.8695652173913043
0.8620037807183365
0.8752362948960303
0.8733459357277883
0.8676748582230623
0.8809073724007561
0.8827977315689981
0.8827977315689981
0.8695652173913043
Start FetalHealth SVM
Current kernel: linear
0.8903591682419659
0.9168241965973535
0.8790170132325141
0.8960302457466919
0.8771266540642723
0.8979206049149339
0.8676748582230623
0.8941398865784499
0.8695652173913043
0.8790170132325141
0.8733459357277883
0.8827977315689981
0.8979206049149339
0.8922495274102079
0.8752362948960303
0.8676748582230623
0.8809073724007561
0.8846880907372401
0.888468809073724
0.8657844990548205
Current kernel: rbf
0.8733459357277883
0.8827977315689981
0.8544423440453687
0.8601134215500945
0.8827977315689981
0.8620037807183365
0.8544423440453687
0.8676748582230623
0.8563327032136105
0.8431001890359168
0.833648393194707
0.8563327032136105
0.8563327032136105
0.8582230623818525
0.8487712665406427
0.8431001890359168
0.8809073724007561
0.8638941398865785
0.8563327032136105
0.8449905482041588
Current kernel: poly
0.8846880907372401
0.888468809073724
0.8752362948960303
0.8771266540642723
0.8733459357277883
0.8865784499054821
0.8506616257088847
0.8960302457466919
0.8865784499054821
0.8733459357277883
0.8620037807183365
0.8771266540642723
0.8846880907372401
0.8714555765595463
0.8657844990548205
0.8487712665406427
0.8714555765595463
0.8790170132325141
0.8903591682419659
0.8431001890359168
Current kernel: sigmoid
0.7731568998109641
0.7655954631379962
0.7580340264650284
0.7561436672967864
0.7712665406427222
0.7353497164461248
0.7391304347826086
0.7429111531190926
0.7277882797731569
0.7466918714555766
0.725897920604915
0.7674858223062382
0.7731568998109641
0.7561436672967864
0.7618147448015122
0.7655954631379962
0.7712665406427222
0.7674858223062382
0.7844990548204159
0.7485822306238186
