Start Titanic default-NN
0.6759776536312849
0.7318435754189944
0.5698324022346368
0.5977653631284916
0.7039106145251397
0.6703910614525139
0.5642458100558659
0.35195530726256985
0.7932960893854749
0.7821229050279329
0.8156424581005587
0.5977653631284916
0.6201117318435754
0.6089385474860335
0.5698324022346368
0.6312849162011173
0.7318435754189944
0.40782122905027934
0.6033519553072626
0.7039106145251397
0.7150837988826816
0.8156424581005587
0.5977653631284916
0.5418994413407822
0.6983240223463687
0.7318435754189944
0.770949720670391
0.6033519553072626
0.7262569832402235
0.5251396648044693
0.6424581005586593
0.6368715083798883
0.8044692737430168
0.659217877094972
0.5418994413407822
0.6480446927374302
0.7597765363128491
0.8044692737430168
0.6927374301675978
0.6145251396648045
0.7821229050279329
0.7541899441340782
0.6536312849162011
0.5698324022346368
0.6033519553072626
0.6983240223463687
0.7206703910614525
0.7374301675977654
0.7486033519553073
0.776536312849162
0.7653631284916201
0.7430167597765364
0.7597765363128491
0.39664804469273746
0.7039106145251397
0.6145251396648045
0.5754189944134078
0.6033519553072626
0.8044692737430168
0.770949720670391
0.6424581005586593
0.6089385474860335
0.6256983240223464
0.6256983240223464
0.776536312849162
0.770949720670391
0.7597765363128491
0.7653631284916201
0.8268156424581006
0.5251396648044693
0.6368715083798883
0.776536312849162
0.6983240223463687
0.7597765363128491
0.6312849162011173
0.6201117318435754
0.6927374301675978
0.6983240223463687
0.776536312849162
0.770949720670391
0.5810055865921788
0.7430167597765364
0.547486033519553
0.6145251396648045
0.5810055865921788
0.7206703910614525
0.7486033519553073
0.7318435754189944
0.7653631284916201
0.664804469273743
0.5865921787709497
0.664804469273743
0.6927374301675978
0.5642458100558659
0.5810055865921788
0.6201117318435754
0.5363128491620112
0.5921787709497207
0.5977653631284916
0.7486033519553073
0.7150837988826816
0.6312849162011173
0.7541899441340782
0.7821229050279329
0.776536312849162
0.7988826815642458
0.8100558659217877
0.6424581005586593
0.5251396648044693
0.7094972067039106
0.7150837988826816
0.770949720670391
0.7486033519553073
0.7430167597765364
0.5307262569832403
0.7430167597765364
0.7374301675977654
0.5698324022346368
0.6201117318435754
0.5865921787709497
0.5754189944134078
0.5977653631284916
0.547486033519553
0.43575418994413406
0.6256983240223464
0.5810055865921788
0.7262569832402235
0.6312849162011173
0.6368715083798883
0.6033519553072626
0.5642458100558659
0.776536312849162
0.7150837988826816
0.664804469273743
0.5810055865921788
0.5921787709497207
0.7206703910614525
0.5977653631284916
0.7653631284916201
0.7541899441340782
0.6312849162011173
0.5810055865921788
0.5865921787709497
0.7597765363128491
0.6089385474860335
0.7150837988826816
0.6424581005586593
0.7541899441340782
0.7653631284916201
0.7262569832402235
0.776536312849162
0.5698324022346368
0.7597765363128491
0.776536312849162
0.4972067039106145
0.6703910614525139
0.6871508379888268
0.6201117318435754
0.553072625698324
0.553072625698324
0.6424581005586593
0.49162011173184356
0.6815642458100558
0.7039106145251397
0.5754189944134078
0.5810055865921788
0.664804469273743
0.6312849162011173
0.6312849162011173
0.7318435754189944
0.553072625698324
0.7094972067039106
0.5418994413407822
0.664804469273743
0.7430167597765364
0.5307262569832403
0.5642458100558659
0.5363128491620112
0.6089385474860335
0.776536312849162
0.7541899441340782
0.6145251396648045
0.5754189944134078
0.8100558659217877
0.7541899441340782
0.6536312849162011
0.6983240223463687
0.6703910614525139
0.7877094972067039
0.6145251396648045
0.664804469273743
0.7374301675977654
0.664804469273743
0.7150837988826816
0.7486033519553073
0.7541899441340782
0.7430167597765364
0.553072625698324
0.6033519553072626
0.7374301675977654
0.5977653631284916
0.6703910614525139
0.7821229050279329
0.5754189944134078
0.770949720670391
0.7039106145251397
0.5921787709497207
0.7653631284916201
0.5810055865921788
0.6256983240223464
0.6312849162011173
0.7486033519553073
0.8156424581005587
0.659217877094972
0.7150837988826816
0.7262569832402235
0.5810055865921788
0.6703910614525139
0.6703910614525139
0.7877094972067039
0.6927374301675978
0.8044692737430168
0.6368715083798883
0.7094972067039106
0.6145251396648045
0.6536312849162011
0.659217877094972
0.7932960893854749
0.5586592178770949
0.8156424581005587
0.547486033519553
0.5921787709497207
0.6536312849162011
0.659217877094972
0.7150837988826816
0.7877094972067039
0.7988826815642458
0.6703910614525139
0.7541899441340782
0.5810055865921788
0.5698324022346368
0.6033519553072626
0.7262569832402235
0.7486033519553073
0.8491620111731844
0.6033519553072626
0.6871508379888268
0.7150837988826816
0.5642458100558659
0.6312849162011173
0.7039106145251397
0.7486033519553073
0.7597765363128491
0.6145251396648045
0.7653631284916201
0.5698324022346368
0.7821229050279329
0.7430167597765364
0.6201117318435754
0.8100558659217877
0.7262569832402235
0.664804469273743
0.7541899441340782
0.8100558659217877
0.5139664804469274
0.6424581005586593
0.7430167597765364
0.7541899441340782
0.5977653631284916
0.7877094972067039
0.6201117318435754
0.7206703910614525
0.6201117318435754
0.8268156424581006
0.7877094972067039
0.7150837988826816
0.7430167597765364
0.7039106145251397
0.7374301675977654
0.7486033519553073
0.6201117318435754
0.7094972067039106
0.7597765363128491
0.7486033519553073
0.6312849162011173
0.5586592178770949
0.5754189944134078
0.6703910614525139
0.5698324022346368
0.553072625698324
0.7318435754189944
0.8100558659217877
0.5698324022346368
0.664804469273743
0.5921787709497207
0.7039106145251397
0.7094972067039106
0.553072625698324
0.5921787709497207
0.770949720670391
0.7932960893854749
0.7541899441340782
0.553072625698324
0.7430167597765364
0.7318435754189944
0.547486033519553
0.5810055865921788
0.6368715083798883
0.7206703910614525
0.6033519553072626
0.659217877094972
0.664804469273743
0.7374301675977654
0.7541899441340782
0.7877094972067039
0.6145251396648045
0.776536312849162
0.5921787709497207
0.7877094972067039
0.8044692737430168
0.5921787709497207
0.7877094972067039
0.6983240223463687
0.7653631284916201
0.6424581005586593
0.6312849162011173
0.6033519553072626
0.770949720670391
0.5810055865921788
0.6368715083798883
0.5698324022346368
0.7877094972067039
0.776536312849162
0.6201117318435754
0.659217877094972
0.6033519553072626
0.6201117318435754
0.7597765363128491
0.6927374301675978
0.7877094972067039
0.6145251396648045
0.6201117318435754
0.5307262569832403
0.6368715083798883
0.7653631284916201
0.776536312849162
0.7653631284916201
0.5139664804469274
0.7877094972067039
0.5865921787709497
0.5251396648044693
0.6368715083798883
0.6089385474860335
0.5977653631284916
0.6089385474860335
0.5139664804469274
0.7541899441340782
0.5586592178770949
0.6256983240223464
0.5865921787709497
0.7653631284916201
0.7597765363128491
0.7039106145251397
0.5810055865921788
0.5642458100558659
0.5251396648044693
0.6759776536312849
0.7039106145251397
0.7206703910614525
0.6256983240223464
0.7877094972067039
0.40782122905027934
0.6089385474860335
0.5977653631284916
0.5865921787709497
0.5251396648044693
0.6927374301675978
0.6815642458100558
0.5698324022346368
0.5586592178770949
0.5307262569832403
0.6145251396648045
0.7877094972067039
0.5363128491620112
0.7877094972067039
0.547486033519553
0.7094972067039106
0.5810055865921788
0.6815642458100558
0.39664804469273746
0.5418994413407822
0.5810055865921788
0.5977653631284916
0.5977653631284916
0.5698324022346368
0.7318435754189944
0.6759776536312849
0.7821229050279329
0.6201117318435754
0.7653631284916201
0.7206703910614525
0.5921787709497207
0.5642458100558659
0.5977653631284916
0.7597765363128491
0.5977653631284916
0.5921787709497207
0.7821229050279329
0.6312849162011173
0.547486033519553
0.770949720670391
0.7653631284916201
0.6815642458100558
0.7597765363128491
0.7374301675977654
0.7877094972067039
0.6815642458100558
0.8268156424581006
0.7486033519553073
0.5698324022346368
0.7430167597765364
0.5586592178770949
0.43575418994413406
0.5810055865921788
0.6089385474860335
0.6424581005586593
0.5921787709497207
0.7821229050279329
0.6424581005586593
0.6983240223463687
0.7988826815642458
0.6312849162011173
0.7374301675977654
0.7430167597765364
0.7486033519553073
0.7486033519553073
0.7988826815642458
0.6536312849162011
0.5977653631284916
0.6256983240223464
0.5418994413407822
0.7374301675977654
0.7597765363128491
0.7988826815642458
0.7486033519553073
0.659217877094972
0.5642458100558659
0.6145251396648045
0.7486033519553073
0.7541899441340782
0.664804469273743
0.6536312849162011
0.7988826815642458
0.7486033519553073
0.7597765363128491
0.7932960893854749
0.5921787709497207
0.8100558659217877
0.8324022346368715
0.8100558659217877
0.7262569832402235
0.6759776536312849
0.5810055865921788
0.5698324022346368
0.770949720670391
0.6871508379888268
0.6033519553072626
0.5865921787709497
0.5586592178770949
0.6368715083798883
0.6536312849162011
0.547486033519553
0.7206703910614525
0.6703910614525139
0.8212290502793296
0.7262569832402235
0.6703910614525139
0.8044692737430168
0.5698324022346368
0.7541899441340782
0.5698324022346368
0.5977653631284916
0.6368715083798883
0.7988826815642458
0.5921787709497207
0.8268156424581006
0.770949720670391
0.770949720670391
0.7541899441340782
0.6759776536312849
0.7318435754189944
0.8100558659217877
0.5977653631284916
0.8212290502793296
0.6256983240223464
0.6089385474860335
0.6871508379888268
0.6368715083798883
0.6201117318435754
0.6703910614525139
Start Titanic knn
0.6536312849162011
0.7206703910614525
0.6536312849162011
0.659217877094972
0.6927374301675978
0.6703910614525139
0.6368715083798883
0.6424581005586593
0.6368715083798883
0.6871508379888268
0.6983240223463687
0.659217877094972
0.6871508379888268
0.7262569832402235
0.6927374301675978
0.6983240223463687
0.7318435754189944
0.6312849162011173
0.6983240223463687
0.6424581005586593
0.6703910614525139
0.6703910614525139
0.6703910614525139
0.6201117318435754
0.6703910614525139
0.664804469273743
0.6480446927374302
0.6480446927374302
0.6424581005586593
0.6703910614525139
0.7318435754189944
0.6703910614525139
0.6703910614525139
0.6424581005586593
0.6145251396648045
0.6424581005586593
0.5921787709497207
0.7206703910614525
0.6033519553072626
0.6759776536312849
0.6536312849162011
0.6536312849162011
0.6703910614525139
0.6424581005586593
0.6815642458100558
0.6759776536312849
0.6145251396648045
0.6703910614525139
0.6759776536312849
0.6480446927374302
0.6759776536312849
0.659217877094972
0.6703910614525139
0.6536312849162011
0.6368715083798883
0.6815642458100558
0.6536312849162011
0.5642458100558659
0.6703910614525139
0.6424581005586593
0.6424581005586593
0.6480446927374302
0.6536312849162011
0.7541899441340782
0.6703910614525139
0.6703910614525139
0.6480446927374302
0.6256983240223464
0.7150837988826816
0.6368715083798883
0.6815642458100558
0.6815642458100558
0.6312849162011173
0.664804469273743
0.6815642458100558
0.6536312849162011
0.6312849162011173
0.6815642458100558
0.6536312849162011
0.6536312849162011
0.659217877094972
0.6368715083798883
0.5921787709497207
0.6256983240223464
0.7039106145251397
0.6368715083798883
0.6871508379888268
0.6815642458100558
0.6815642458100558
0.6536312849162011
0.6815642458100558
0.7094972067039106
0.6368715083798883
0.6368715083798883
0.6089385474860335
0.659217877094972
0.6201117318435754
0.6536312849162011
0.6536312849162011
0.7206703910614525
0.6927374301675978
0.6089385474860335
0.6368715083798883
0.6312849162011173
0.5921787709497207
0.6815642458100558
0.659217877094972
0.664804469273743
0.6312849162011173
0.6480446927374302
0.6536312849162011
0.664804469273743
0.6815642458100558
0.7039106145251397
0.6089385474860335
0.7039106145251397
0.6703910614525139
0.6312849162011173
0.6815642458100558
0.6368715083798883
0.6871508379888268
0.7094972067039106
0.664804469273743
0.6536312849162011
0.7150837988826816
0.6368715083798883
0.6927374301675978
0.6703910614525139
0.6536312849162011
0.6368715083798883
0.6703910614525139
0.6815642458100558
0.6815642458100558
0.6871508379888268
0.659217877094972
0.6424581005586593
0.6368715083798883
0.6480446927374302
0.6312849162011173
0.6033519553072626
0.5921787709497207
0.6480446927374302
0.6368715083798883
0.664804469273743
0.6871508379888268
0.6480446927374302
0.6927374301675978
0.6480446927374302
0.6201117318435754
0.7318435754189944
0.659217877094972
0.6927374301675978
0.6368715083798883
0.659217877094972
0.6033519553072626
0.6089385474860335
0.664804469273743
0.6871508379888268
0.6480446927374302
0.6759776536312849
0.6201117318435754
0.6424581005586593
0.664804469273743
0.6536312849162011
0.6536312849162011
0.6256983240223464
0.7039106145251397
0.659217877094972
0.6480446927374302
0.6871508379888268
0.5977653631284916
0.7094972067039106
0.6480446927374302
0.7318435754189944
0.6368715083798883
0.7262569832402235
0.6424581005586593
0.6033519553072626
0.6871508379888268
0.6871508379888268
0.6871508379888268
0.7094972067039106
0.6480446927374302
0.6368715083798883
0.6703910614525139
0.6256983240223464
0.6703910614525139
0.6033519553072626
0.6927374301675978
0.6759776536312849
0.6983240223463687
0.6424581005586593
0.6759776536312849
0.664804469273743
0.6871508379888268
0.664804469273743
0.6759776536312849
0.659217877094972
0.6927374301675978
0.7541899441340782
0.664804469273743
0.664804469273743
0.6480446927374302
0.6256983240223464
0.6424581005586593
0.659217877094972
0.6536312849162011
0.6759776536312849
0.6424581005586593
0.6815642458100558
0.659217877094972
0.6871508379888268
0.6536312849162011
0.664804469273743
0.6703910614525139
0.659217877094972
0.6703910614525139
0.6927374301675978
0.7039106145251397
0.659217877094972
0.7039106145251397
0.6703910614525139
0.6424581005586593
0.7094972067039106
0.6815642458100558
0.6424581005586593
0.664804469273743
0.6368715083798883
0.659217877094972
0.6368715083798883
0.6759776536312849
0.6703910614525139
0.7150837988826816
0.6983240223463687
0.7541899441340782
0.7039106145251397
0.6033519553072626
0.5977653631284916
0.6480446927374302
0.664804469273743
0.6312849162011173
0.659217877094972
0.6536312849162011
0.6424581005586593
0.6759776536312849
0.659217877094972
0.664804469273743
0.6201117318435754
0.6480446927374302
0.6871508379888268
0.6368715083798883
0.664804469273743
0.6815642458100558
0.6815642458100558
0.5865921787709497
0.659217877094972
0.6703910614525139
0.6368715083798883
0.6703910614525139
0.7206703910614525
0.6703910614525139
0.6424581005586593
0.6759776536312849
0.6703910614525139
0.6759776536312849
0.659217877094972
0.659217877094972
0.6201117318435754
0.6536312849162011
0.6256983240223464
0.6815642458100558
0.6703910614525139
0.664804469273743
0.6927374301675978
0.6145251396648045
0.6368715083798883
0.6536312849162011
0.6536312849162011
0.6480446927374302
0.6368715083798883
0.6983240223463687
0.6256983240223464
0.6759776536312849
0.659217877094972
0.6480446927374302
0.6368715083798883
0.6256983240223464
0.6983240223463687
0.6536312849162011
0.6424581005586593
0.7206703910614525
0.6312849162011173
0.6759776536312849
0.6256983240223464
0.7039106145251397
0.6424581005586593
0.6480446927374302
0.5921787709497207
0.6201117318435754
0.6703910614525139
0.7094972067039106
0.6703910614525139
0.7039106145251397
0.664804469273743
0.6368715083798883
0.664804469273743
0.664804469273743
0.659217877094972
0.6927374301675978
0.659217877094972
0.7039106145251397
0.6815642458100558
0.6424581005586593
0.6312849162011173
0.6480446927374302
0.6759776536312849
0.6536312849162011
0.6759776536312849
0.6759776536312849
0.6424581005586593
0.6815642458100558
0.6871508379888268
0.6145251396648045
0.6759776536312849
0.664804469273743
0.6983240223463687
0.6312849162011173
0.659217877094972
0.6536312849162011
0.6815642458100558
0.6368715083798883
0.6871508379888268
0.664804469273743
0.5977653631284916
0.7039106145251397
0.6033519553072626
0.6368715083798883
0.7094972067039106
0.6312849162011173
0.6368715083798883
0.6703910614525139
0.6983240223463687
0.6256983240223464
0.7430167597765364
0.6480446927374302
0.6536312849162011
0.6536312849162011
0.6089385474860335
0.6312849162011173
0.664804469273743
0.6759776536312849
0.6871508379888268
0.6703910614525139
0.664804469273743
0.659217877094972
0.6089385474860335
0.664804469273743
0.6256983240223464
0.6927374301675978
0.659217877094972
0.6536312849162011
0.6480446927374302
0.6480446927374302
0.6368715083798883
0.659217877094972
0.6368715083798883
0.6536312849162011
0.664804469273743
0.6312849162011173
0.7206703910614525
0.6983240223463687
0.6871508379888268
0.6815642458100558
0.664804469273743
0.664804469273743
0.5865921787709497
0.6703910614525139
0.6480446927374302
0.6089385474860335
0.6312849162011173
0.664804469273743
0.7150837988826816
0.6759776536312849
0.7262569832402235
0.7094972067039106
0.6424581005586593
0.659217877094972
0.6480446927374302
0.6871508379888268
0.6536312849162011
0.6312849162011173
0.6201117318435754
0.6480446927374302
0.6815642458100558
0.664804469273743
0.664804469273743
0.6815642458100558
0.7150837988826816
0.7039106145251397
0.7094972067039106
0.6033519553072626
0.6871508379888268
0.6256983240223464
0.6312849162011173
0.6703910614525139
0.664804469273743
0.6815642458100558
0.6480446927374302
0.664804469273743
0.6145251396648045
0.6424581005586593
0.664804469273743
0.659217877094972
0.6424581005586593
0.6480446927374302
0.664804469273743
0.659217877094972
0.6871508379888268
0.659217877094972
0.664804469273743
0.6815642458100558
0.6480446927374302
0.6480446927374302
0.5865921787709497
0.6201117318435754
0.659217877094972
0.6815642458100558
0.6815642458100558
0.6759776536312849
0.659217877094972
0.6536312849162011
0.6983240223463687
0.6536312849162011
0.6871508379888268
0.6480446927374302
0.6536312849162011
0.6536312849162011
0.6480446927374302
0.659217877094972
0.6480446927374302
0.6312849162011173
0.6983240223463687
0.664804469273743
0.659217877094972
0.6480446927374302
0.6033519553072626
0.6759776536312849
0.6312849162011173
0.6480446927374302
0.7374301675977654
0.6480446927374302
0.6703910614525139
0.6759776536312849
0.664804469273743
0.6927374301675978
0.664804469273743
0.6536312849162011
0.664804469273743
0.6927374301675978
0.6703910614525139
0.6312849162011173
0.6424581005586593
0.6703910614525139
0.6983240223463687
0.6480446927374302
0.6536312849162011
0.6368715083798883
0.6815642458100558
0.6480446927374302
0.6927374301675978
0.7039106145251397
0.6759776536312849
0.7094972067039106
0.6703910614525139
0.6983240223463687
0.664804469273743
0.6424581005586593
0.7094972067039106
0.6368715083798883
0.6480446927374302
0.664804469273743
0.5921787709497207
0.6424581005586593
0.6871508379888268
0.6368715083798883
0.6703910614525139
0.6424581005586593
0.7150837988826816
0.6256983240223464
0.6312849162011173
0.6759776536312849
0.6759776536312849
0.6368715083798883
0.7039106145251397
0.6983240223463687
0.659217877094972
0.6256983240223464
0.6256983240223464
0.6703910614525139
0.6703910614525139
Start Titanic SVM
0.7597765363128491
0.7877094972067039
0.776536312849162
0.7932960893854749
0.8100558659217877
0.770949720670391
0.7932960893854749
0.7541899441340782
0.770949720670391
0.776536312849162
0.8100558659217877
0.770949720670391
0.776536312849162
0.7821229050279329
0.7821229050279329
0.8324022346368715
0.770949720670391
0.776536312849162
0.8379888268156425
0.776536312849162
0.7597765363128491
0.8212290502793296
0.7877094972067039
0.7150837988826816
0.8324022346368715
0.7597765363128491
0.776536312849162
0.8324022346368715
0.7653631284916201
0.776536312849162
0.776536312849162
0.8100558659217877
0.7932960893854749
0.7821229050279329
0.7877094972067039
0.776536312849162
0.770949720670391
0.8100558659217877
0.7374301675977654
0.7821229050279329
0.7541899441340782
0.7430167597765364
0.8044692737430168
0.7318435754189944
0.7988826815642458
0.8212290502793296
0.7486033519553073
0.8100558659217877
0.770949720670391
0.7821229050279329
0.7541899441340782
0.7821229050279329
0.8770949720670391
0.7877094972067039
0.7653631284916201
0.8156424581005587
0.8212290502793296
0.7653631284916201
0.7877094972067039
0.7877094972067039
0.7932960893854749
0.770949720670391
0.7430167597765364
0.8491620111731844
0.8435754189944135
0.7653631284916201
0.8044692737430168
0.7821229050279329
0.8100558659217877
0.776536312849162
0.770949720670391
0.770949720670391
0.7486033519553073
0.7821229050279329
0.8268156424581006
0.776536312849162
0.7653631284916201
0.8100558659217877
0.8156424581005587
0.8156424581005587
0.7486033519553073
0.7541899441340782
0.7653631284916201
0.7430167597765364
0.770949720670391
0.776536312849162
0.7821229050279329
0.7430167597765364
0.776536312849162
0.7541899441340782
0.776536312849162
0.7597765363128491
0.7206703910614525
0.7262569832402235
0.8100558659217877
0.7262569832402235
0.7988826815642458
0.776536312849162
0.7877094972067039
0.7653631284916201
Start Iris default-NN
0.39473684210526316
1.0
1.0
0.6052631578947368
1.0
1.0
1.0
1.0
1.0
1.0
0.6578947368421053
1.0
1.0
0.5
1.0
0.9736842105263158
1.0
1.0
1.0
0.5263157894736842
1.0
1.0
1.0
1.0
1.0
1.0
1.0
1.0
1.0
1.0
1.0
1.0
1.0
0.3157894736842105
0.23684210526315788
1.0
0.9736842105263158
1.0
0.9736842105263158
1.0
1.0
1.0
1.0
1.0
0.4473684210526316
0.2631578947368421
0.39473684210526316
0.34210526315789475
0.15789473684210525
0.3157894736842105
1.0
0.10526315789473684
0.42105263157894735
0.34210526315789475
0.2631578947368421
0.6052631578947368
0.6052631578947368
1.0
1.0
0.2894736842105263
1.0
1.0
0.39473684210526316
0.631578947368421
1.0
1.0
1.0
1.0
1.0
0.6052631578947368
1.0
1.0
0.9736842105263158
1.0
1.0
1.0
1.0
1.0
1.0
0.5789473684210527
1.0
1.0
1.0
0.5263157894736842
0.34210526315789475
0.6842105263157895
1.0
1.0
1.0
1.0
1.0
1.0
0.631578947368421
0.47368421052631576
0.18421052631578946
0.5789473684210527
0.42105263157894735
0.3684210526315789
1.0
0.5789473684210527
0.9736842105263158
1.0
1.0
1.0
0.5263157894736842
0.9736842105263158
1.0
0.9473684210526315
1.0
1.0
1.0
1.0
0.5526315789473685
1.0
1.0
1.0
1.0
1.0
1.0
1.0
1.0
1.0
1.0
0.2631578947368421
1.0
0.5789473684210527
0.7105263157894737
1.0
0.3157894736842105
0.8157894736842105
1.0
1.0
1.0
1.0
1.0
0.23684210526315788
1.0
1.0
0.9736842105263158
1.0
1.0
1.0
0.7631578947368421
1.0
1.0
1.0
0.6052631578947368
1.0
1.0
1.0
1.0
0.7105263157894737
1.0
0.9736842105263158
1.0
0.5263157894736842
0.5
0.34210526315789475
0.2894736842105263
1.0
1.0
1.0
1.0
0.34210526315789475
1.0
1.0
0.47368421052631576
0.42105263157894735
1.0
1.0
0.3157894736842105
0.2894736842105263
0.9736842105263158
1.0
1.0
1.0
0.5
0.9736842105263158
1.0
1.0
0.34210526315789475
0.39473684210526316
0.9736842105263158
1.0
1.0
1.0
1.0
0.6578947368421053
1.0
0.9473684210526315
1.0
1.0
0.47368421052631576
0.9736842105263158
1.0
1.0
0.21052631578947367
0.9473684210526315
0.631578947368421
1.0
1.0
1.0
0.6578947368421053
0.42105263157894735
0.3157894736842105
0.6052631578947368
1.0
0.9736842105263158
1.0
0.9473684210526315
1.0
1.0
1.0
0.6578947368421053
1.0
1.0
0.9736842105263158
1.0
1.0
1.0
1.0
1.0
1.0
0.5
0.5526315789473685
0.9736842105263158
0.42105263157894735
1.0
0.5526315789473685
1.0
1.0
0.5526315789473685
1.0
1.0
1.0
1.0
0.6842105263157895
1.0
1.0
0.3157894736842105
1.0
1.0
1.0
1.0
1.0
1.0
1.0
1.0
1.0
1.0
1.0
0.42105263157894735
1.0
1.0
0.3157894736842105
0.9736842105263158
1.0
1.0
1.0
0.9736842105263158
1.0
1.0
0.7894736842105263
1.0
1.0
0.47368421052631576
1.0
1.0
1.0
1.0
1.0
1.0
1.0
1.0
1.0
0.5789473684210527
1.0
1.0
1.0
0.39473684210526316
0.4473684210526316
1.0
0.7105263157894737
0.6052631578947368
1.0
1.0
1.0
1.0
0.9736842105263158
0.3157894736842105
1.0
1.0
1.0
1.0
1.0
1.0
0.2894736842105263
1.0
1.0
1.0
0.42105263157894735
1.0
1.0
1.0
1.0
1.0
0.34210526315789475
1.0
1.0
0.9736842105263158
1.0
1.0
1.0
1.0
1.0
1.0
1.0
0.9736842105263158
1.0
0.9473684210526315
1.0
1.0
0.47368421052631576
0.631578947368421
0.3157894736842105
1.0
1.0
0.9736842105263158
0.9736842105263158
1.0
1.0
0.6842105263157895
0.6578947368421053
0.3157894736842105
0.5789473684210527
1.0
0.4473684210526316
0.34210526315789475
1.0
1.0
1.0
1.0
1.0
0.47368421052631576
0.9736842105263158
1.0
0.2894736842105263
1.0
1.0
1.0
1.0
1.0
1.0
0.9473684210526315
1.0
1.0
0.2631578947368421
1.0
0.34210526315789475
1.0
1.0
0.2631578947368421
1.0
1.0
0.34210526315789475
1.0
0.9736842105263158
1.0
1.0
0.5789473684210527
1.0
1.0
0.9736842105263158
1.0
1.0
0.2894736842105263
1.0
1.0
1.0
0.3157894736842105
1.0
1.0
1.0
1.0
1.0
1.0
1.0
1.0
1.0
1.0
0.23684210526315788
1.0
0.9736842105263158
1.0
1.0
1.0
0.7894736842105263
0.631578947368421
1.0
0.3157894736842105
1.0
0.3157894736842105
0.2894736842105263
1.0
0.7368421052631579
1.0
0.2894736842105263
1.0
0.39473684210526316
1.0
0.5789473684210527
0.3684210526315789
1.0
1.0
1.0
1.0
0.34210526315789475
1.0
0.9736842105263158
0.9736842105263158
1.0
1.0
0.9736842105263158
1.0
1.0
1.0
1.0
1.0
1.0
0.5263157894736842
0.2631578947368421
1.0
1.0
1.0
0.2894736842105263
1.0
1.0
1.0
1.0
1.0
0.39473684210526316
0.3157894736842105
1.0
1.0
1.0
1.0
0.23684210526315788
0.2894736842105263
0.9736842105263158
0.4473684210526316
1.0
1.0
0.9473684210526315
0.5263157894736842
1.0
1.0
1.0
0.3684210526315789
1.0
1.0
0.9736842105263158
1.0
0.3684210526315789
0.39473684210526316
1.0
1.0
0.5
1.0
1.0
1.0
0.9736842105263158
0.9736842105263158
0.8947368421052632
1.0
1.0
0.7105263157894737
0.631578947368421
1.0
0.2894736842105263
1.0
1.0
1.0
1.0
1.0
0.23684210526315788
1.0
1.0
1.0
1.0
1.0
0.3157894736842105
0.9210526315789473
0.3157894736842105
1.0
0.3157894736842105
0.7105263157894737
1.0
1.0
0.9736842105263158
1.0
Start Iris knn
1.0
1.0
0.9736842105263158
1.0
1.0
1.0
1.0
1.0
1.0
1.0
1.0
1.0
1.0
1.0
1.0
1.0
1.0
1.0
1.0
1.0
1.0
1.0
1.0
1.0
1.0
1.0
1.0
1.0
1.0
1.0
1.0
1.0
1.0
1.0
1.0
1.0
1.0
1.0
1.0
1.0
1.0
1.0
1.0
1.0
1.0
1.0
1.0
1.0
1.0
0.9736842105263158
1.0
1.0
1.0
1.0
1.0
1.0
1.0
1.0
1.0
1.0
1.0
1.0
1.0
1.0
1.0
1.0
1.0
1.0
1.0
1.0
1.0
1.0
1.0
1.0
1.0
1.0
1.0
1.0
1.0
1.0
1.0
1.0
1.0
1.0
1.0
1.0
1.0
1.0
1.0
1.0
1.0
1.0
0.9736842105263158
1.0
1.0
1.0
1.0
1.0
1.0
1.0
1.0
1.0
0.9736842105263158
1.0
1.0
1.0
1.0
1.0
1.0
1.0
1.0
1.0
1.0
1.0
1.0
1.0
1.0
1.0
1.0
1.0
1.0
1.0
1.0
1.0
1.0
1.0
1.0
1.0
1.0
1.0
1.0
1.0
1.0
1.0
1.0
1.0
1.0
1.0
1.0
1.0
1.0
1.0
1.0
1.0
1.0
1.0
1.0
1.0
1.0
1.0
1.0
0.9736842105263158
1.0
1.0
1.0
1.0
1.0
1.0
0.9736842105263158
1.0
1.0
1.0
1.0
1.0
1.0
1.0
1.0
1.0
1.0
1.0
1.0
1.0
1.0
1.0
1.0
1.0
1.0
1.0
1.0
1.0
1.0
1.0
1.0
1.0
1.0
1.0
1.0
1.0
1.0
1.0
1.0
1.0
1.0
1.0
1.0
1.0
1.0
1.0
1.0
1.0
1.0
1.0
1.0
1.0
1.0
1.0
1.0
1.0
1.0
1.0
1.0
1.0
1.0
1.0
1.0
1.0
1.0
1.0
1.0
1.0
1.0
1.0
1.0
1.0
1.0
1.0
1.0
1.0
1.0
1.0
1.0
1.0
1.0
1.0
1.0
1.0
1.0
1.0
1.0
1.0
1.0
1.0
1.0
1.0
1.0
1.0
1.0
1.0
1.0
1.0
1.0
1.0
1.0
1.0
1.0
1.0
1.0
1.0
1.0
1.0
1.0
0.9736842105263158
1.0
1.0
1.0
1.0
1.0
1.0
1.0
1.0
1.0
1.0
0.9473684210526315
1.0
1.0
1.0
1.0
1.0
1.0
1.0
1.0
0.9736842105263158
1.0
1.0
1.0
1.0
1.0
1.0
1.0
1.0
1.0
1.0
1.0
1.0
1.0
1.0
1.0
1.0
1.0
1.0
1.0
1.0
1.0
1.0
1.0
1.0
1.0
1.0
1.0
1.0
1.0
1.0
1.0
1.0
1.0
1.0
1.0
1.0
1.0
1.0
1.0
1.0
1.0
1.0
1.0
1.0
1.0
1.0
1.0
1.0
1.0
1.0
1.0
1.0
1.0
1.0
1.0
1.0
1.0
1.0
0.9736842105263158
1.0
1.0
1.0
1.0
1.0
1.0
1.0
1.0
1.0
1.0
1.0
1.0
1.0
1.0
1.0
1.0
1.0
1.0
1.0
1.0
1.0
1.0
1.0
1.0
1.0
1.0
1.0
1.0
1.0
1.0
0.9736842105263158
1.0
1.0
1.0
1.0
1.0
1.0
1.0
1.0
1.0
1.0
1.0
1.0
1.0
1.0
1.0
1.0
1.0
1.0
1.0
1.0
1.0
1.0
1.0
1.0
1.0
1.0
1.0
1.0
1.0
1.0
1.0
1.0
1.0
1.0
1.0
1.0
1.0
1.0
1.0
1.0
1.0
1.0
1.0
1.0
1.0
1.0
1.0
1.0
1.0
1.0
1.0
1.0
1.0
1.0
1.0
1.0
1.0
1.0
1.0
1.0
1.0
1.0
1.0
1.0
1.0
1.0
1.0
0.9736842105263158
1.0
1.0
1.0
1.0
1.0
1.0
1.0
1.0
1.0
1.0
1.0
1.0
1.0
1.0
1.0
1.0
1.0
1.0
1.0
1.0
1.0
1.0
1.0
1.0
1.0
1.0
1.0
1.0
1.0
1.0
1.0
1.0
1.0
1.0
1.0
1.0
1.0
1.0
1.0
1.0
1.0
1.0
0.9473684210526315
1.0
1.0
1.0
1.0
1.0
1.0
1.0
1.0
1.0
1.0
1.0
1.0
1.0
1.0
1.0
1.0
1.0
Start Iris SVM
1.0
1.0
0.9736842105263158
1.0
1.0
1.0
1.0
1.0
1.0
1.0
1.0
1.0
1.0
1.0
1.0
1.0
1.0
1.0
1.0
1.0
1.0
1.0
1.0
1.0
1.0
1.0
1.0
1.0
1.0
1.0
1.0
1.0
1.0
1.0
1.0
1.0
1.0
1.0
1.0
1.0
1.0
1.0
1.0
1.0
1.0
1.0
1.0
1.0
1.0
0.9736842105263158
1.0
1.0
1.0
1.0
1.0
1.0
1.0
1.0
1.0
1.0
1.0
1.0
1.0
1.0
1.0
1.0
1.0
1.0
1.0
1.0
1.0
1.0
1.0
1.0
1.0
1.0
1.0
1.0
1.0
1.0
1.0
1.0
1.0
1.0
1.0
1.0
1.0
1.0
1.0
1.0
1.0
1.0
0.9736842105263158
1.0
1.0
1.0
1.0
1.0
1.0
1.0
Start FetalHealth default-NN
0.8657844990548205
0.8733459357277883
0.8601134215500945
0.8544423440453687
0.8676748582230623
0.7712665406427222
0.8223062381852552
0.8015122873345936
0.7920604914933838
0.8241965973534972
0.8525519848771267
0.8128544423440454
0.8601134215500945
0.8166351606805293
0.7637051039697542
0.8582230623818525
0.8620037807183365
0.8638941398865785
0.8827977315689981
0.8147448015122873
0.8563327032136105
0.8431001890359168
0.8544423440453687
0.8052930056710775
0.7523629489603024
0.8601134215500945
0.8506616257088847
0.8601134215500945
0.8752362948960303
0.8374291115311909
0.8563327032136105
0.8374291115311909
0.8752362948960303
0.8790170132325141
0.8487712665406427
0.8563327032136105
0.7674858223062382
0.8525519848771267
0.8714555765595463
0.8506616257088847
0.8487712665406427
0.8260869565217391
0.7863894139886578
0.7693761814744802
0.8695652173913043
0.8733459357277883
0.8582230623818525
0.8412098298676749
0.8298676748582231
0.8166351606805293
0.8185255198487713
0.8752362948960303
0.8185255198487713
0.775047258979206
0.8223062381852552
0.8695652173913043
0.8846880907372401
0.8449905482041588
0.8525519848771267
0.8733459357277883
0.8412098298676749
0.8657844990548205
0.8846880907372401
0.8676748582230623
0.8638941398865785
0.831758034026465
0.8241965973534972
0.8298676748582231
0.7523629489603024
0.8431001890359168
0.8582230623818525
0.8393194706994329
0.7882797731568998
0.7637051039697542
0.8260869565217391
0.8355387523629489
0.8790170132325141
0.8544423440453687
0.7674858223062382
0.8620037807183365
0.8638941398865785
0.8846880907372401
0.8846880907372401
0.8525519848771267
0.8468809073724007
0.8544423440453687
0.8431001890359168
0.8393194706994329
0.8449905482041588
0.7410207939508506
0.8657844990548205
0.8620037807183365
0.8506616257088847
0.8487712665406427
0.7655954631379962
0.8620037807183365
0.8449905482041588
0.8601134215500945
0.8582230623818525
0.8071833648393195
0.8412098298676749
0.8809073724007561
0.8128544423440454
0.8241965973534972
0.8620037807183365
0.8241965973534972
0.8525519848771267
0.8355387523629489
0.8544423440453687
0.8695652173913043
0.8846880907372401
0.8279773156899811
0.8241965973534972
0.8355387523629489
0.831758034026465
0.8279773156899811
0.8922495274102079
0.8355387523629489
0.7882797731568998
0.831758034026465
0.8752362948960303
0.8166351606805293
0.8733459357277883
0.831758034026465
0.8015122873345936
0.8468809073724007
0.8260869565217391
0.8374291115311909
0.8790170132325141
0.8185255198487713
0.8374291115311909
0.8241965973534972
0.8204158790170132
0.8071833648393195
0.8487712665406427
0.8846880907372401
0.8468809073724007
0.8412098298676749
0.8015122873345936
0.7882797731568998
0.8128544423440454
0.7731568998109641
0.8563327032136105
0.8790170132325141
0.7618147448015122
0.8279773156899811
0.8393194706994329
0.8487712665406427
0.8298676748582231
0.8034026465028355
0.8695652173913043
0.8241965973534972
0.8487712665406427
0.8638941398865785
0.8638941398865785
0.8487712665406427
0.8676748582230623
0.8563327032136105
0.8412098298676749
0.8487712665406427
0.7712665406427222
0.8733459357277883
0.8449905482041588
0.833648393194707
0.7731568998109641
0.8468809073724007
0.8128544423440454
0.8052930056710775
0.8279773156899811
0.8544423440453687
0.888468809073724
0.7863894139886578
0.8109640831758034
0.8582230623818525
0.8865784499054821
0.775047258979206
0.8279773156899811
0.8355387523629489
0.8790170132325141
0.8620037807183365
0.8525519848771267
0.8204158790170132
0.8563327032136105
0.8185255198487713
0.8260869565217391
0.8279773156899811
0.8809073724007561
0.8638941398865785
0.8563327032136105
0.8241965973534972
0.8241965973534972
0.8582230623818525
0.8506616257088847
0.8582230623818525
0.8790170132325141
0.8676748582230623
0.7637051039697542
0.8449905482041588
0.8374291115311909
0.7996219281663516
0.8771266540642723
0.8733459357277883
0.7655954631379962
0.8506616257088847
0.8109640831758034
0.8487712665406427
0.8468809073724007
0.8620037807183365
0.831758034026465
0.7674858223062382
0.7996219281663516
0.8676748582230623
0.8241965973534972
0.833648393194707
0.8695652173913043
0.8223062381852552
0.8601134215500945
0.8525519848771267
0.8865784499054821
0.8185255198487713
0.8846880907372401
0.8109640831758034
0.8431001890359168
0.8846880907372401
0.8506616257088847
0.8374291115311909
0.8582230623818525
0.8714555765595463
0.8412098298676749
0.8676748582230623
0.8374291115311909
0.8601134215500945
0.8544423440453687
0.8601134215500945
0.776937618147448
0.7844990548204159
0.776937618147448
0.8374291115311909
0.8809073724007561
0.780718336483932
0.8204158790170132
0.8506616257088847
0.7977315689981096
0.8355387523629489
0.8204158790170132
0.8166351606805293
0.8468809073724007
0.8449905482041588
0.8601134215500945
0.8771266540642723
0.8922495274102079
0.8090737240075614
0.8733459357277883
0.8487712665406427
0.8468809073724007
0.8506616257088847
0.8147448015122873
0.8355387523629489
0.8487712665406427
0.8241965973534972
0.8582230623818525
0.8638941398865785
0.780718336483932
0.8601134215500945
0.8279773156899811
0.8412098298676749
0.8109640831758034
0.8506616257088847
0.8185255198487713
0.8241965973534972
0.7712665406427222
0.8223062381852552
0.7939508506616257
0.8676748582230623
0.8544423440453687
0.8563327032136105
0.7674858223062382
0.8355387523629489
0.8374291115311909
0.8790170132325141
0.8771266540642723
0.831758034026465
0.8563327032136105
0.8374291115311909
0.8431001890359168
0.8752362948960303
0.8223062381852552
0.8241965973534972
0.8525519848771267
0.8449905482041588
0.8752362948960303
0.7920604914933838
0.8582230623818525
0.8657844990548205
0.8393194706994329
0.77882797731569
0.8733459357277883
0.8563327032136105
0.7901701323251418
0.8525519848771267
0.833648393194707
0.8657844990548205
0.8676748582230623
0.8563327032136105
0.8525519848771267
0.8695652173913043
0.8525519848771267
0.8412098298676749
0.8771266540642723
0.7901701323251418
0.8487712665406427
0.8620037807183365
0.8374291115311909
0.8714555765595463
0.8374291115311909
0.8733459357277883
0.7712665406427222
0.8676748582230623
0.8771266540642723
0.8657844990548205
0.8733459357277883
0.8506616257088847
0.8260869565217391
0.8355387523629489
0.8393194706994329
0.7882797731568998
0.8733459357277883
0.776937618147448
0.8355387523629489
0.780718336483932
0.8431001890359168
0.8714555765595463
0.8260869565217391
0.8752362948960303
0.8865784499054821
0.8431001890359168
0.8506616257088847
0.8714555765595463
0.8204158790170132
0.8298676748582231
0.8355387523629489
0.8752362948960303
0.7939508506616257
0.8298676748582231
0.8468809073724007
0.7712665406427222
0.8147448015122873
0.8695652173913043
0.8506616257088847
0.8449905482041588
0.8563327032136105
0.8449905482041588
0.8676748582230623
0.8487712665406427
0.8865784499054821
0.8620037807183365
0.775047258979206
0.8733459357277883
0.831758034026465
0.8279773156899811
0.8260869565217391
0.8601134215500945
0.8601134215500945
0.831758034026465
0.8695652173913043
0.831758034026465
0.7334593572778828
0.8544423440453687
0.8223062381852552
0.8525519848771267
0.77882797731569
0.8601134215500945
0.8582230623818525
0.776937618147448
0.833648393194707
0.7863894139886578
0.8468809073724007
0.8298676748582231
0.7958412098298677
0.8052930056710775
0.8506616257088847
0.8714555765595463
0.8449905482041588
0.8468809073724007
0.8298676748582231
0.7996219281663516
0.7637051039697542
0.8506616257088847
0.8563327032136105
0.831758034026465
0.8544423440453687
0.8449905482041588
0.8260869565217391
0.8487712665406427
0.7637051039697542
0.8525519848771267
0.8355387523629489
0.8809073724007561
0.8468809073724007
0.775047258979206
0.782608695652174
0.8846880907372401
0.8204158790170132
0.8582230623818525
0.8657844990548205
0.8071833648393195
0.833648393194707
0.8506616257088847
0.8412098298676749
0.8166351606805293
0.8166351606805293
0.8109640831758034
0.8147448015122873
0.833648393194707
0.8147448015122873
0.8393194706994329
0.8431001890359168
0.7958412098298677
0.8563327032136105
0.8525519848771267
0.8714555765595463
0.8506616257088847
0.8620037807183365
0.8676748582230623
0.7731568998109641
0.7863894139886578
0.8052930056710775
0.8525519848771267
0.8544423440453687
0.8468809073724007
0.8563327032136105
0.8298676748582231
0.8695652173913043
0.8412098298676749
0.833648393194707
0.8109640831758034
0.8695652173913043
0.8279773156899811
0.8449905482041588
0.8563327032136105
0.780718336483932
0.8506616257088847
0.8563327032136105
0.8620037807183365
0.8052930056710775
0.8657844990548205
0.8714555765595463
0.8657844990548205
0.775047258979206
0.8487712665406427
0.8865784499054821
0.8468809073724007
0.7939508506616257
0.8771266540642723
0.8431001890359168
0.8412098298676749
0.7674858223062382
0.8487712665406427
0.8506616257088847
0.831758034026465
0.8563327032136105
0.8374291115311909
0.8166351606805293
0.8657844990548205
0.8393194706994329
0.8563327032136105
0.8223062381852552
0.8393194706994329
0.8506616257088847
0.8015122873345936
0.8374291115311909
0.8525519848771267
0.888468809073724
0.8109640831758034
0.8620037807183365
0.8431001890359168
0.8601134215500945
0.8393194706994329
0.8241965973534972
0.8355387523629489
0.831758034026465
0.8052930056710775
0.8563327032136105
0.8109640831758034
0.8468809073724007
0.8487712665406427
0.8260869565217391
0.7977315689981096
0.8544423440453687
0.8601134215500945
0.8563327032136105
0.8487712665406427
0.7731568998109641
0.8752362948960303
0.8260869565217391
0.8185255198487713
0.782608695652174
0.8695652173913043
0.8601134215500945
0.8166351606805293
Start FetalHealth knn
0.9243856332703214
0.9035916824196597
0.8903591682419659
0.9130434782608695
0.9168241965973535
0.9149338374291115
0.8903591682419659
0.9300567107750473
0.9073724007561437
0.8941398865784499
0.8846880907372401
0.8998109640831758
0.9149338374291115
0.9224952741020794
0.9054820415879017
0.8903591682419659
0.9111531190926276
0.9035916824196597
0.9224952741020794
0.9054820415879017
0.9054820415879017
0.8922495274102079
0.9224952741020794
0.9111531190926276
0.8960302457466919
0.9035916824196597
0.8903591682419659
0.9054820415879017
0.9130434782608695
0.8998109640831758
0.9054820415879017
0.9149338374291115
0.8903591682419659
0.8827977315689981
0.8960302457466919
0.8922495274102079
0.8960302457466919
0.9035916824196597
0.9017013232514177
0.9054820415879017
0.9224952741020794
0.8790170132325141
0.9187145557655955
0.9130434782608695
0.9054820415879017
0.9111531190926276
0.8846880907372401
0.888468809073724
0.8903591682419659
0.9017013232514177
0.9243856332703214
0.9168241965973535
0.8846880907372401
0.8941398865784499
0.8998109640831758
0.9111531190926276
0.9054820415879017
0.9017013232514177
0.8865784499054821
0.9073724007561437
0.9073724007561437
0.9054820415879017
0.8922495274102079
0.8941398865784499
0.8922495274102079
0.8922495274102079
0.9054820415879017
0.9111531190926276
0.8771266540642723
0.8960302457466919
0.9281663516068053
0.9073724007561437
0.9017013232514177
0.8941398865784499
0.9073724007561437
0.8846880907372401
0.9130434782608695
0.8998109640831758
0.8922495274102079
0.9168241965973535
0.9130434782608695
0.9206049149338374
0.9073724007561437
0.888468809073724
0.9224952741020794
0.9149338374291115
0.9168241965973535
0.9017013232514177
0.8960302457466919
0.8809073724007561
0.9035916824196597
0.9206049149338374
0.9111531190926276
0.8979206049149339
0.9092627599243857
0.9054820415879017
0.9111531190926276
0.8922495274102079
0.9073724007561437
0.8998109640831758
0.8903591682419659
0.9168241965973535
0.888468809073724
0.8960302457466919
0.9054820415879017
0.9224952741020794
0.9168241965973535
0.8960302457466919
0.8998109640831758
0.9092627599243857
0.9168241965973535
0.9168241965973535
0.9092627599243857
0.8998109640831758
0.9092627599243857
0.9111531190926276
0.9300567107750473
0.8922495274102079
0.9206049149338374
0.9187145557655955
0.9206049149338374
0.8960302457466919
0.8960302457466919
0.8790170132325141
0.9017013232514177
0.9130434782608695
0.8998109640831758
0.8979206049149339
0.9149338374291115
0.8865784499054821
0.9054820415879017
0.8846880907372401
0.9054820415879017
0.8960302457466919
0.9035916824196597
0.9054820415879017
0.8998109640831758
0.9017013232514177
0.9224952741020794
0.9092627599243857
0.9092627599243857
0.8865784499054821
0.9149338374291115
0.9035916824196597
0.8827977315689981
0.9262759924385633
0.9035916824196597
0.9281663516068053
0.8903591682419659
0.9130434782608695
0.9224952741020794
0.8998109640831758
0.8960302457466919
0.8998109640831758
0.8998109640831758
0.8809073724007561
0.9130434782608695
0.9092627599243857
0.9149338374291115
0.888468809073724
0.9035916824196597
0.9149338374291115
0.8903591682419659
0.9111531190926276
0.9130434782608695
0.9130434782608695
0.8922495274102079
0.9054820415879017
0.8979206049149339
0.8979206049149339
0.9073724007561437
0.9035916824196597
0.8922495274102079
0.8865784499054821
0.9206049149338374
0.9224952741020794
0.9035916824196597
0.8903591682419659
0.9017013232514177
0.8922495274102079
0.9035916824196597
0.8960302457466919
0.9073724007561437
0.8960302457466919
0.8846880907372401
0.9092627599243857
0.9017013232514177
0.8960302457466919
0.8979206049149339
0.9054820415879017
0.9092627599243857
0.9073724007561437
0.8998109640831758
0.8979206049149339
0.9092627599243857
0.9054820415879017
0.9054820415879017
0.8865784499054821
0.9035916824196597
0.8922495274102079
0.9168241965973535
0.9262759924385633
0.8998109640831758
0.9111531190926276
0.8960302457466919
0.888468809073724
0.8960302457466919
0.9187145557655955
0.9168241965973535
0.9073724007561437
0.8771266540642723
0.9168241965973535
0.9017013232514177
0.8903591682419659
0.9224952741020794
0.9073724007561437
0.8903591682419659
0.9073724007561437
0.9073724007561437
0.9054820415879017
0.9111531190926276
0.8922495274102079
0.9035916824196597
0.9073724007561437
0.8941398865784499
0.8846880907372401
0.9168241965973535
0.9073724007561437
0.9054820415879017
0.9017013232514177
0.9035916824196597
0.8998109640831758
0.8941398865784499
0.9054820415879017
0.9073724007561437
0.8960302457466919
0.8960302457466919
0.8960302457466919
0.9187145557655955
0.9035916824196597
0.8998109640831758
0.8979206049149339
0.9035916824196597
0.8979206049149339
0.9168241965973535
0.8960302457466919
0.8998109640831758
0.9073724007561437
0.8979206049149339
0.9206049149338374
0.9092627599243857
0.9092627599243857
0.9206049149338374
0.8998109640831758
0.8998109640831758
0.9035916824196597
0.8979206049149339
0.8903591682419659
0.888468809073724
0.9017013232514177
0.8979206049149339
0.9187145557655955
0.888468809073724
0.8846880907372401
0.8865784499054821
0.9111531190926276
0.9054820415879017
0.9073724007561437
0.9092627599243857
0.8865784499054821
0.9073724007561437
0.9035916824196597
0.8865784499054821
0.9035916824196597
0.9111531190926276
0.9073724007561437
0.9111531190926276
0.9017013232514177
0.8941398865784499
0.8979206049149339
0.9017013232514177
0.888468809073724
0.9073724007561437
0.8865784499054821
0.8903591682419659
0.9111531190926276
0.8790170132325141
0.8979206049149339
0.9073724007561437
0.8998109640831758
0.9111531190926276
0.9035916824196597
0.8979206049149339
0.9130434782608695
0.9054820415879017
0.8903591682419659
0.9092627599243857
0.8960302457466919
0.9262759924385633
0.8941398865784499
0.9073724007561437
0.9092627599243857
0.8941398865784499
0.9054820415879017
0.9017013232514177
0.9168241965973535
0.8998109640831758
0.8922495274102079
0.9243856332703214
0.9054820415879017
0.9206049149338374
0.8960302457466919
0.9073724007561437
0.9017013232514177
0.9111531190926276
0.9149338374291115
0.8809073724007561
0.9338374291115312
0.9262759924385633
0.9206049149338374
0.9073724007561437
0.9035916824196597
0.888468809073724
0.8998109640831758
0.9168241965973535
0.9130434782608695
0.9187145557655955
0.8941398865784499
0.9017013232514177
0.9168241965973535
0.8903591682419659
0.9130434782608695
0.8979206049149339
0.8979206049149339
0.9168241965973535
0.8941398865784499
0.9073724007561437
0.9017013232514177
0.9224952741020794
0.8922495274102079
0.9206049149338374
0.9017013232514177
0.9168241965973535
0.9224952741020794
0.8941398865784499
0.9187145557655955
0.8998109640831758
0.8998109640831758
0.9111531190926276
0.8960302457466919
0.8941398865784499
0.9149338374291115
0.8846880907372401
0.9224952741020794
0.8998109640831758
0.9017013232514177
0.8865784499054821
0.9187145557655955
0.9035916824196597
0.9054820415879017
0.9073724007561437
0.9149338374291115
0.8922495274102079
0.8903591682419659
0.9130434782608695
0.8998109640831758
0.9073724007561437
0.8979206049149339
0.888468809073724
0.888468809073724
0.9130434782608695
0.9168241965973535
0.888468809073724
0.9017013232514177
0.9130434782608695
0.8998109640831758
0.9092627599243857
0.9149338374291115
0.9092627599243857
0.8998109640831758
0.9149338374291115
0.9017013232514177
0.8790170132325141
0.8903591682419659
0.9035916824196597
0.9262759924385633
0.8979206049149339
0.9073724007561437
0.9168241965973535
0.9111531190926276
0.9073724007561437
0.8998109640831758
0.8960302457466919
0.8941398865784499
0.8865784499054821
0.8846880907372401
0.8941398865784499
0.8960302457466919
0.9111531190926276
0.9187145557655955
0.8979206049149339
0.9224952741020794
0.8941398865784499
0.9168241965973535
0.8998109640831758
0.888468809073724
0.9149338374291115
0.8998109640831758
0.8941398865784499
0.9130434782608695
0.8865784499054821
0.9092627599243857
0.9054820415879017
0.9168241965973535
0.8979206049149339
0.8960302457466919
0.9017013232514177
0.8903591682419659
0.9206049149338374
0.9187145557655955
0.9243856332703214
0.9262759924385633
0.8846880907372401
0.9092627599243857
0.9035916824196597
0.9035916824196597
0.9149338374291115
0.9130434782608695
0.9130434782608695
0.9168241965973535
0.9206049149338374
0.8998109640831758
0.9262759924385633
0.9054820415879017
0.8941398865784499
0.888468809073724
0.9054820415879017
0.9035916824196597
0.888468809073724
0.8960302457466919
0.9073724007561437
0.9092627599243857
0.9130434782608695
0.9130434782608695
0.8960302457466919
0.9168241965973535
0.9130434782608695
0.9130434782608695
0.9017013232514177
0.8998109640831758
0.9111531190926276
0.8979206049149339
0.9017013232514177
0.9149338374291115
0.8998109640831758
0.9073724007561437
0.9017013232514177
0.9017013232514177
0.8998109640831758
0.9054820415879017
0.9187145557655955
0.9017013232514177
0.9262759924385633
0.9149338374291115
0.9187145557655955
0.9092627599243857
0.9035916824196597
0.888468809073724
0.8960302457466919
0.9073724007561437
0.9035916824196597
0.8960302457466919
0.9338374291115312
0.9149338374291115
0.8979206049149339
0.9092627599243857
0.9092627599243857
0.9035916824196597
0.8790170132325141
0.888468809073724
0.9187145557655955
0.9073724007561437
0.9092627599243857
0.8941398865784499
0.9111531190926276
0.8960302457466919
0.8998109640831758
0.9130434782608695
0.9073724007561437
0.8809073724007561
0.9017013232514177
0.9017013232514177
0.9035916824196597
0.9168241965973535
0.8922495274102079
0.9130434782608695
0.8865784499054821
0.9073724007561437
0.8922495274102079
0.9054820415879017
Start FetalHealth SVM
0.8903591682419659
0.9168241965973535
0.8790170132325141
0.8960302457466919
0.8771266540642723
0.8979206049149339
0.8676748582230623
0.8941398865784499
0.8695652173913043
0.8790170132325141
0.8733459357277883
0.8827977315689981
0.8979206049149339
0.8922495274102079
0.8752362948960303
0.8676748582230623
0.8809073724007561
0.8846880907372401
0.888468809073724
0.8657844990548205
0.8827977315689981
0.8657844990548205
0.8960302457466919
0.8903591682419659
0.8695652173913043
0.8846880907372401
0.8790170132325141
0.8903591682419659
0.9054820415879017
0.8714555765595463
0.8790170132325141
0.888468809073724
0.888468809073724
0.8809073724007561
0.8695652173913043
0.8676748582230623
0.888468809073724
0.8733459357277883
0.8790170132325141
0.8827977315689981
0.9035916824196597
0.8695652173913043
0.8998109640831758
0.8903591682419659
0.8827977315689981
0.8960302457466919
0.8582230623818525
0.8638941398865785
0.8695652173913043
0.8714555765595463
0.888468809073724
0.888468809073724
0.888468809073724
0.8695652173913043
0.8752362948960303
0.8714555765595463
0.8827977315689981
0.8846880907372401
0.8790170132325141
0.8865784499054821
0.8809073724007561
0.8865784499054821
0.8998109640831758
0.8865784499054821
0.8790170132325141
0.8638941398865785
0.8865784499054821
0.8827977315689981
0.8601134215500945
0.8846880907372401
0.9054820415879017
0.8922495274102079
0.8865784499054821
0.8771266540642723
0.8771266540642723
0.8714555765595463
0.8998109640831758
0.8903591682419659
0.8752362948960303
0.8998109640831758
0.8865784499054821
0.8922495274102079
0.888468809073724
0.8544423440453687
0.8998109640831758
0.9130434782608695
0.8903591682419659
0.8790170132325141
0.8487712665406427
0.8771266540642723
0.8771266540642723
0.8865784499054821
0.8809073724007561
0.8809073724007561
0.9130434782608695
0.8790170132325141
0.8790170132325141
0.8695652173913043
0.8771266540642723
0.8638941398865785
Start Cardio default-NN
0.7090077410274455
0.5118461177574478
0.6611541168191415
0.504222378606615
0.5120806943467042
0.6860778794276331
0.5146023926812104
0.6951677222613183
0.5083274689186019
0.5355383532723434
0.5034013605442177
0.5126671358198451
0.5026389866291344
0.5014074595355383
0.4997654234107436
0.5309054656345297
0.5076237391508327
0.5015247478301665
0.4941942294159043
0.5552427867698804
0.5090898428336852
0.5084447572132301
0.4990030494956603
0.5048674642270702
0.5038118695754163
0.5030494956603331
0.710532488857612
0.48557353976073186
0.495191179920244
0.5060989913206662
0.5102040816326531
0.49818203143326295
0.4912033779028853
0.5279146141215106
0.48915083274689186
0.505395261552897
0.5088552662444288
0.6939948393150364
0.5032840722495895
0.5034013605442177
0.5022871217452498
0.6952263664086324
0.5052193291109547
0.657283603096411
0.5109664555477363
0.5098522167487685
0.6959887403237157
0.506568144499179
0.5055711939948393
0.5038705137227305
0.5044569551958714
0.5051020408163265
0.6199859254046446
0.5032840722495895
0.5146610368285245
0.6690124325592306
0.5013488153882243
0.506568144499179
0.5085034013605442
0.6753460004691532
0.5004105090311987
0.7169247009148487
0.5599929627023223
0.5019352568613652
0.5048674642270702
0.5109078114004222
0.5092071311283134
0.7059582453671124
0.5034013605442177
0.5144264602392681
0.508386113065916
0.6352920478536243
0.7134646962233169
0.504808820079756
0.5109078114004222
0.717100633356791
0.5141918836500118
0.5026976307764485
0.5064508562045508
0.5171240910157167
0.7152240206427398
0.6851395730706076
0.5131949331456721
0.5070372976776918
0.5081515364766597
0.5082101806239737
0.5150715458597231
0.502345765892564
0.5123739150832747
0.6342364532019704
0.5660333098756745
0.4931972789115646
0.5415787004456956
0.4931972789115646
0.5035772929861599
0.525744780670889
0.5124912033779029
0.511963406052076
0.5061576354679803
0.5069786535303776
0.5611072015012901
0.5056884822894675
0.5013488153882243
0.5075064508562046
0.5052779732582688
0.49243490499648135
0.5110250996950504
0.5075064508562046
0.4941942294159043
0.5120220501993901
0.5058644147314098
0.5004105090311987
0.4909101571663148
0.49132066619751347
0.7152240206427398
0.5081515364766597
0.683614825240441
0.6122448979591837
0.5164203612479474
0.5540112596762843
0.4930213464696223
0.6070255688482289
0.6486629134412386
0.506568144499179
0.4916725310813981
0.5079169598874033
0.5116115411681914
0.7142270701384001
0.5093830635702556
0.5021698334506216
0.5060403471733521
0.49865118461177577
0.5104973023692235
0.5031081398076472
0.5062162796152944
0.5120220501993901
0.5141332395026976
0.5035772929861599
0.5010555946516537
0.5050433966690124
0.5060989913206662
0.5051606849636406
0.5090311986863711
0.5009969505043397
0.5035186488388459
0.5545977011494253
0.7200328407224958
0.5074478067088904
0.5492610837438424
0.5034013605442177
0.5106145906638517
0.5269763077644851
0.5052779732582688
0.5064508562045508
0.5095003518648838
0.49460473844710295
0.5990499648135116
0.4905582922824302
0.6934670419892095
0.5111423879896786
0.5059230588787239
0.5628665259207131
0.5086793338024865
0.507213230119634
0.5056298381421535
0.509617640159512
0.5221088435374149
0.5073891625615764
0.5007623739150833
0.5272695285010556
0.5199390100867933
0.5114356087262492
0.5195871452029087
0.5099108608960826
0.5187661271405114
0.5181796856673704
0.5073305184142622
0.5065095003518649
0.516713581984518
0.5048674642270702
0.5056884822894675
0.5052779732582688
0.5086206896551724
0.5127844241144733
0.5069200093830636
0.5276800375322542
0.639338494018297
0.4954257565095003
0.6649659863945578
0.5098522167487685
0.5056884822894675
0.5096762843068262
0.4954844006568144
0.5092071311283134
0.5292634295097349
0.5076823832981469
0.505981703026038
0.5050433966690124
0.5519587145202909
0.6996833216045039
0.7126436781609196
0.5087379779498006
0.5156579873328642
0.7119985925404645
0.7134060520760028
0.5022284775979358
0.7003870513722731
0.505395261552897
0.5055711939948393
0.5069200093830636
0.5116115411681914
0.5039291578700446
0.5127844241144733
0.4909101571663148
0.5138400187661272
0.5027562749237626
0.5080928923293455
0.6564625850340136
0.710532488857612
0.7193291109547267
0.6445578231292517
0.494018296973962
0.7146375791695989
0.516127140511377
0.5367112362186254
0.5055125498475252
0.49595355383532724
0.5058644147314098
0.5054539057002111
0.6308937368050669
0.5126671358198451
0.5117288294628196
0.5107318789584799
0.5090898428336852
0.5015833919774807
0.5059230588787239
0.5626905934787708
0.7161623269997655
0.5034013605442177
0.5085620455078583
0.5250410509031199
0.7138752052545156
0.5076823832981469
0.5084447572132301
0.5141332395026976
0.4965399953084682
0.5080342481820315
0.7180389397138166
0.5070372976776918
0.5051606849636406
0.509558996012198
0.7190358902181563
0.5032254281022754
0.7172179216514192
0.5074478067088904
0.5147783251231527
0.5064508562045508
0.662678864649308
0.5054539057002111
0.5034013605442177
0.5054539057002111
0.5078583157400891
0.5035772929861599
0.5075650950035187
0.5097349284541403
0.5050433966690124
0.5020525451559934
0.509558996012198
0.5039291578700446
0.6981585737743373
0.5035186488388459
0.611247947454844
0.5141332395026976
0.5005277973258269
0.7081867229650481
0.7074829931972789
0.5032840722495895
0.5061576354679803
0.5397020877316444
0.5228712174524982
0.5063335679099226
0.5697278911564626
0.5038118695754163
0.4917311752287122
0.6242669481585738
0.6942294159042928
0.513136288998358
0.6941121276096646
0.5120220501993901
0.669305653295801
0.4969505043396669
0.568789584799437
0.513781374618813
0.6349988271170537
0.4952498240675581
0.5094417077175698
0.5097935726014544
0.5025216983345062
0.5124912033779029
0.5022284775979358
0.5014661036828525
0.501817968566737
0.5109078114004222
0.5087379779498006
0.5123152709359606
0.5048674642270702
0.5303776683087028
0.5054539057002111
0.5123739150832747
0.7101219798264133
0.7148721557588553
0.5062749237626085
0.505981703026038
0.5036945812807881
0.5102040816326531
0.5052779732582688
0.7002697630776449
0.505981703026038
0.7147548674642271
0.5051020408163265
0.6873680506685432
0.5168308702791461
0.5070372976776918
0.5730706075533661
0.5126084916725311
0.5008796622097115
0.5022284775979358
0.5093244194229416
0.504750175932442
0.5107905231057941
0.5080928923293455
0.6602158104621159
0.7216748768472906
0.5078583157400891
0.5115528970208774
0.5777034951911799
0.5102627257799671
0.5070959418250058
0.5041050903119869
0.5069200093830636
0.7006216279615295
0.5060989913206662
0.4967159277504105
0.502990851513019
0.7166901243255923
0.5100281491907108
0.5088552662444288
0.5049261083743842
0.5219915552427867
0.4990030494956603
0.5091484869809993
0.5060403471733521
0.5055711939948393
0.506568144499179
0.7138752052545156
0.506568144499179
0.505395261552897
0.5233990147783252
0.5075650950035187
0.6978653530377669
0.7189772460708421
0.5060403471733521
0.5040464461646728
0.5224020642739855
0.5030494956603331
0.6526507154585972
0.49917898193760263
0.6810931269059348
0.5192939244663383
0.5045155993431856
0.5062749237626085
0.5069200093830636
0.49847525216983346
0.5056884822894675
0.5055125498475252
0.5069786535303776
0.5091484869809993
0.7148135116115412
0.5123152709359606
0.5289115646258503
0.5026976307764485
0.6049143795449214
0.511376964578935
0.5077996715927751
0.6918250058644148
0.5303776683087028
0.497009148486981
0.5065095003518649
0.5192352803190241
0.5054539057002111
0.49824067558057705
0.5053366174055829
0.5011142387989679
0.5757095941825006
0.5102627257799671
0.7145789350222848
0.5178864649307999
0.7117053718038939
0.5270349519117992
0.5103213699272813
0.5381186957541637
0.5051606849636406
0.513781374618813
0.5168895144264603
0.5565329580107905
0.5089139103917429
0.4966572836030964
0.508386113065916
0.5067440769411212
0.5212878254750176
0.5036359371334741
0.5089139103917429
0.5008210180623974
0.507213230119634
0.5107905231057941
0.5127844241144733
0.5101454374853389
0.5087966220971147
0.5021698334506216
0.650715458597232
0.5058644147314098
0.7067206192821957
0.5117288294628196
0.5188834154351396
0.5123152709359606
0.49829931972789115
0.5048674642270702
0.5241027445460943
0.7132887637813746
0.5100281491907108
0.5114942528735632
0.6588669950738916
0.5055711939948393
0.5038705137227305
0.5019939010086794
0.7062514661036828
0.5076237391508327
0.5065095003518649
0.5069786535303776
0.5099695050433967
0.5249824067558058
0.5039291578700446
0.5119047619047619
0.5056884822894675
0.5044569551958714
0.5069786535303776
0.5104386582219095
0.7085385878489326
0.6757565095003518
0.502990851513019
0.5011142387989679
0.509617640159512
0.502990851513019
0.5061576354679803
0.7073070607553367
0.5330752990851513
0.4977128782547502
0.7124091015716632
0.5045155993431856
0.49947220267417314
0.5100281491907108
0.6138869340839784
0.5059230588787239
0.5144264602392681
0.5070959418250058
0.7040229885057471
0.6953436547032606
0.5097935726014544
0.504808820079756
0.5055125498475252
0.5077410274454609
0.5020525451559934
0.5032840722495895
0.592129955430448
0.5016420361247947
0.5093244194229416
0.4988857612010321
0.5718390804597702
0.5055125498475252
0.5044569551958714
0.6968684025334272
0.5066854327938072
0.5044569551958714
0.5103800140745953
0.567616701853155
0.7156345296739386
0.5126084916725311
0.4965986394557823
0.5399366643209008
0.50715458597232
0.5108491672531081
0.50715458597232
0.5036359371334741
0.6179333802486512
0.5043396669012432
0.5070959418250058
0.5062162796152944
0.5046328876378138
0.509617640159512
0.6593947923997185
Start Cardio knn
0.5791695988740324
0.5770584095707249
0.5816912972085386
0.5818085855031668
0.5738916256157636
0.583157400891391
0.5794041754632888
0.5818672296504809
0.5860309641097818
0.5775862068965517
0.5836851982172179
0.5788177339901478
0.5761787473610134
0.5809289232934554
0.5800492610837439
0.5796387520525451
0.5788763781374618
0.57412620220502
0.5780553600750645
0.5848580811634999
0.5810462115880836
0.5760614590663852
0.5779380717804363
0.5834506216279616
0.5770584095707249
0.5779967159277504
0.5810462115880836
0.5781726483696927
0.5775275627492377
0.5821604503870513
0.5782899366643209
0.5834506216279616
0.5798146844944875
0.5822777386816795
0.5763546798029556
0.5761787473610134
0.5795801079052311
0.5752990851513019
0.581339432324654
0.5778794276331222
0.5772929861599813
0.5816912972085386
0.5777034951911799
0.5756509500351865
0.5731878958479943
0.5771170537180389
0.5771170537180389
0.5742434904996482
0.5770584095707249
0.5784658691062632
0.5825709594182501
0.5758268824771288
0.5762373915083274
0.584916725310814
0.5778794276331222
0.5782312925170068
0.5757682383298147
0.5809289232934554
0.5779380717804363
0.5762960356556416
0.577175697865353
0.574184846352334
0.5750645085620455
0.5843889279849871
0.5809289232934554
0.5822190945343655
0.5795801079052311
0.5795801079052311
0.5813980764719681
0.5744780670889045
0.5775275627492377
0.5790523105794042
0.575357729298616
0.5772343420126671
0.5745953553835327
0.5779967159277504
0.5794628196106029
0.5787004456955196
0.5818085855031668
0.5772929861599813
0.5745953553835327
0.5805184142622566
0.5774689186019235
0.5709594182500587
0.5788177339901478
0.5773516303072953
0.5734224724372508
0.5785245132535773
0.5769411212760966
0.5778207834858081
0.5805770584095707
0.5754750175932442
0.5794628196106029
0.5727773868167957
0.5749472202674173
0.5835679099225898
0.5775862068965517
0.5721323011963406
0.5795214637579169
0.5809289232934554
0.5809289232934554
0.5797560403471733
0.5798146844944875
0.5825123152709359
0.5744194229415904
0.5819845179451091
0.5815740089139104
0.5812221440300258
0.5804011259676284
0.5822777386816795
0.5821604503870513
0.5779380717804363
0.5805184142622566
0.5772929861599813
0.5745367112362186
0.5781726483696927
0.5793455313159747
0.5782899366643209
0.5791695988740324
0.5716045038705138
0.5743607787942764
0.5757682383298147
0.5865001172882947
0.578935022284776
0.5793455313159747
0.5835092657752756
0.5792282430213465
0.5799319727891157
0.5762373915083274
0.5869692704668074
0.5788177339901478
0.5726600985221675
0.5832746891860192
0.581925873797795
0.5767065446868402
0.5809289232934554
0.5773516303072953
0.578348580811635
0.576589256392212
0.5758855266244429
0.5833333333333334
0.5812807881773399
0.5846821487215575
0.5756509500351865
0.5835679099225898
0.5880248651184612
0.5781140042223786
0.5763546798029556
0.574771287825475
0.5770584095707249
0.5832746891860192
0.576589256392212
0.5755336617405583
0.5828055360075064
0.5774102744546095
0.5778207834858081
0.5815740089139104
0.5784072249589491
0.5711353506920009
0.5774689186019235
0.5732465399953085
0.5829814684494488
0.5761787473610134
0.5812807881773399
0.5811048557353976
0.5801665493783721
0.5799906169364297
0.5808702791461412
0.5791109547267183
0.576589256392212
0.5716631480178278
0.5790523105794042
0.5740675580577058
0.5762373915083274
0.5760614590663852
0.5721909453436547
0.5832746891860192
0.5764133239502698
0.5801665493783721
0.5726014543748534
0.580752990851513
0.5769997654234107
0.5790523105794042
0.5802838376730002
0.5791695988740324
0.5752990851513019
0.578348580811635
0.5835092657752756
0.57412620220502
0.576589256392212
0.5796973961998593
0.5825123152709359
0.576589256392212
0.5793455313159747
0.5767065446868402
0.5767651888341544
0.5799319727891157
0.5800492610837439
0.5760614590663852
0.577762139338494
0.5713699272812574
0.5808702791461412
0.5791695988740324
0.5819845179451091
0.5820431620924231
0.5788177339901478
0.5779967159277504
0.5845062162796153
0.5811048557353976
0.5795801079052311
0.5769411212760966
0.5805184142622566
0.5778207834858081
0.5748885761201032
0.5796973961998593
0.5785245132535773
0.5794628196106029
0.5793455313159747
0.576530612244898
0.5806357025568848
0.5808702791461412
0.578348580811635
0.5787004456955196
0.5752404410039879
0.5764719680975838
0.5784072249589491
0.5819845179451091
0.5719563687543983
0.5801079052310579
0.5792282430213465
0.5829814684494488
0.5795214637579169
0.5715458597231996
0.5802838376730002
0.578935022284776
0.5852685901946986
0.5775275627492377
0.575944170771757
0.5772929861599813
0.5840957072484166
0.5800492610837439
0.5733638282899367
0.580752990851513
0.5754750175932442
0.5743021346469622
0.5799906169364297
0.576589256392212
0.5815740089139104
0.5821604503870513
0.5823950269763077
0.5767651888341544
0.57899366643209
0.573598404879193
0.5758268824771288
0.5779967159277504
0.5774689186019235
0.5810462115880836
0.5764719680975838
0.5844475721323013
0.5809875674407694
0.5801079052310579
0.5799319727891157
0.5798733286418015
0.5784072249589491
0.5793455313159747
0.5788177339901478
0.5845062162796153
0.5799906169364297
0.5794041754632888
0.5772929861599813
0.5762960356556416
0.5756509500351865
0.5853858784893268
0.576589256392212
0.5849753694581281
0.5810462115880836
0.5788177339901478
0.5776448510438659
0.583157400891391
0.581339432324654
0.5771170537180389
0.5794041754632888
0.5794628196106029
0.5808116349988272
0.584916725310814
0.5767065446868402
0.5846821487215575
0.5744194229415904
0.5805184142622566
0.5832746891860192
0.5729533192587379
0.5828055360075064
0.5751817968566737
0.5827468918601924
0.5769997654234107
0.578348580811635
0.583098756744077
0.5798733286418015
0.5739502697630776
0.5760028149190711
0.5812221440300258
0.5859136758151536
0.5852685901946986
0.571193994839315
0.5754163734459301
0.5849753694581281
0.5744780670889045
0.5775862068965517
0.5781140042223786
0.5785831574008914
0.5824536711236219
0.5751231527093597
0.5769997654234107
0.5737156931738212
0.572366877785597
0.5778794276331222
0.5778794276331222
0.5764133239502698
0.5778794276331222
0.5805184142622566
0.5757095941825006
0.5758268824771288
0.5826296035655641
0.577175697865353
0.573598404879193
0.5780553600750645
0.5809875674407694
0.5815740089139104
0.5827468918601924
0.5832160450387052
0.5886699507389163
0.5832160450387052
0.5757682383298147
0.578935022284776
0.5808702791461412
0.5796973961998593
0.5800492610837439
0.5819845179451091
0.5778207834858081
0.5816912972085386
0.5714285714285714
0.5775275627492377
0.5772343420126671
0.5870865587614356
0.5754750175932442
0.5843889279849871
0.5804597701149425
0.5829228243021346
0.5820431620924231
0.5767651888341544
0.5785245132535773
0.5839197748064743
0.5816912972085386
0.5821604503870513
0.5754750175932442
0.5784658691062632
0.576530612244898
0.5838611306591602
0.5742434904996482
0.5826882477128783
0.5802838376730002
0.5829228243021346
0.5795214637579169
0.5787590898428336
0.5793455313159747
0.576589256392212
0.5766479005395262
0.5815153647665963
0.5766479005395262
0.5823363828289937
0.5774689186019235
0.5779380717804363
0.5839197748064743
0.5797560403471733
0.5805184142622566
0.5733638282899367
0.5791695988740324
0.5803424818203143
0.578348580811635
0.583743842364532
0.5744194229415904
0.5727187426694816
0.5809875674407694
0.5798146844944875
0.5774689186019235
0.5799906169364297
0.5796973961998593
0.5754750175932442
0.5745367112362186
0.577762139338494
0.5770584095707249
0.5788763781374618
0.5775862068965517
0.5840957072484166
0.5763546798029556
0.5810462115880836
0.5766479005395262
0.5774102744546095
0.5768824771287826
0.5814567206192822
0.5726600985221675
0.5826882477128783
0.5835092657752756
0.57899366643209
0.577762139338494
0.5806357025568848
0.5729533192587379
0.5754750175932442
0.5761787473610134
0.5751231527093597
0.5798733286418015
0.5852099460473845
0.5740675580577058
0.5846821487215575
0.5826296035655641
0.57899366643209
0.5777034951911799
0.5747126436781609
0.5685550082101807
0.5808116349988272
0.5805770584095707
0.5839197748064743
0.5820431620924231
0.586089608257096
0.5781140042223786
0.5738916256157636
0.5812221440300258
0.5784658691062632
0.5829814684494488
0.5774689186019235
0.5784658691062632
0.5842716396903589
0.5758268824771288
0.5769411212760966
0.5762960356556416
0.5768238329814684
0.5788763781374618
0.5713699272812574
0.5792282430213465
0.5792282430213465
0.5794628196106029
0.5726014543748534
0.5811634998827117
0.5713699272812574
0.5786418015482054
0.5768238329814684
0.5764719680975838
0.5788177339901478
0.580752990851513
0.5758855266244429
0.5805184142622566
0.5867933380248651
0.5772343420126671
0.5829228243021346
0.580694346704199
0.580752990851513
0.5760028149190711
0.5799319727891157
0.5781726483696927
0.5740089139103918
0.5764719680975838
0.5823363828289937
0.5799906169364297
0.578935022284776
0.5815740089139104
0.573598404879193
0.5787590898428336
0.5772343420126671
0.5812807881773399
0.5823363828289937
0.5805770584095707
0.5786418015482054
0.5755923058878724
0.5811634998827117
0.5774102744546095
0.5792868871686606
0.5792282430213465
0.5757682383298147
0.5779967159277504
0.5745367112362186
0.5806357025568848
0.568789584799437
0.5830401125967628
0.5805770584095707
0.5811634998827117
0.5737743373211354
0.575944170771757
0.5793455313159747
0.5762960356556416
0.583098756744077
0.5829228243021346
0.5734224724372508
0.5808116349988272
0.5805770584095707
0.5803424818203143
0.5798146844944875
0.5764133239502698
0.5743021346469622
0.5796387520525451
0.5803424818203143
Start Cardio SVM
0.5923058878723904
0.5904879193056533
0.5942411447337556
0.6026859019469857
0.5942997888810697
0.6018648838845884
0.5913675815153647
0.5942411447337556
0.5969387755102041
0.5948275862068966
0.5977597935726014
0.5984635233403707
0.5978770818672297
0.5999882711705372
0.5968214872155759
0.5989326765188834
0.5947102979122684
0.5978184377199156
0.5965869106263195
0.6036242083040113
0.5969974196575182
0.5958245367112363
0.5988740323715693
0.5971147079521464
0.5984635233403707
0.5967041989209477
0.595062162796153
0.596293689889749
0.5912502932207365
0.5986394557823129
0.5939479239971851
0.5953553835327234
0.6015716631480178
0.6015716631480178
0.6001055594651654
0.5938306357025569
0.5980530143091719
0.5951794510907812
0.5997536945812808
0.5948862303542106
0.5915435139573071
0.5967041989209477
0.5968214872155759
0.5967628430682618
0.5899601219798264
0.5930096176401595
0.5942411447337556
0.592716396903589
0.5901360544217688
0.5989326765188834
0.5993431855500821
0.5987567440769411
0.5974079286887168
0.5934787708186723
0.596293689889749
0.5942997888810697
0.5958831808585503
0.5984048791930565
0.5882594417077176
0.5942411447337556
0.6007506450856205
0.5942997888810697
0.5934201266713582
0.5986394557823129
0.5972319962467746
0.5983462350457425
0.5932441942294159
0.5991086089608257
0.5986394557823129
0.592657752756275
0.5954726718273516
0.5957658925639221
0.5958831808585503
0.5941238564391274
0.5964109781843772
0.601630307295332
0.5946516537649542
0.6001642036124795
0.6035655641566972
0.5988740323715693
0.5970560638048322
0.5954140276800375
0.5955899601219798
0.5907224958949097
0.6006920009383063
0.595062162796153
0.5897841895378841
0.5948275862068966
0.5985221674876847
0.5949448745015248
0.595120806943467
0.5965869106263195
0.59688013136289
0.5930682617874736
0.5978184377199156
0.5985808116349989
0.5925404644616468
0.596293689889749
0.5958831808585503
0.599284541402768
