Start EA NN Optimize for dataset: Titanic
Population: {'genomes': [[107, 14, 21], [126, 10, 95], [81, 91], [71, 32, 123, 52, 15, 83, 55, 61], [70, 110, 40], [94, 87, 115, 113, 46, 56], [103, 56, 79, 32, 112], [115, 48, 50, 76, 94], [55, 22, 108, 56, 31, 89, 58, 25], [87, 43, 80, 25, 63], [113, 115, 97, 15, 69, 5], [78, 128, 128, 88, 7], [17, 59], [67, 8, 128, 37, 56, 12, 75, 24], [5, 53, 34, 40, 100], [71, 80], [128, 66, 108, 77], [46, 84], [42, 109, 96, 63, 87], [67, 44]]}
Iteration 0
0.77933
0.784916
0.77933
0.784916
0.782123
0.77933
0.776536
0.784916
0.782123
0.782123
0.784916
0.784916
0.784916
0.784916
0.784916
0.787709
0.801676
0.782123
0.782123
0.784916
Iteration 1
0.784916
0.784916
0.784916
0.784916
0.784916
0.784916
0.787709
0.784916
0.784916
0.784916
0.782123
0.787709
0.77933
0.787709
0.784916
0.782123
0.796089
0.77933
0.801676
0.776536
0.784916
Iteration 2
0.77933
0.782123
0.77933
0.773743
0.77933
0.784916
0.784916
0.784916
0.784916
0.784916
0.787709
0.784916
0.787709
0.787709
0.703911
0.782123
0.796089
0.801676
0.698324
0.796089
0.77933
Iteration 3
0.784916
0.776536
0.782123
0.784916
0.784916
0.784916
0.784916
0.784916
0.784916
0.784916
0.787709
0.787709
0.787709
0.787709
0.796089
0.796089
0.801676
0.787709
0.796089
0.776536
0.77933
Iteration 4
0.784916
0.787709
0.787709
0.787709
0.787709
0.784916
0.787709
0.787709
0.787709
0.77933
0.782123
0.787709
0.796089
0.796089
0.801676
0.784916
0.723464
0.796089
0.796089
0.796089
0.796089
Iteration 5
0.787709
0.692737
0.787709
0.787709
0.787709
0.782123
0.787709
0.787709
0.796089
0.796089
0.796089
0.784916
0.801676
0.787709
0.782123
0.787709
0.787709
0.796089
0.796089
0.796089
0.77933
Iteration 6
0.784916
0.787709
0.796089
0.796089
0.787709
0.796089
0.796089
0.784916
0.801676
0.784916
0.790503
0.787709
0.782123
0.787709
0.782123
0.796089
0.796089
0.796089
0.784916
0.782123
0.798883
Iteration 7
0.77933
0.787709
0.784916
0.784916
0.765363
0.796089
0.796089
0.790503
0.787709
0.796089
0.796089
0.790503
0.801676
0.790503
0.77933
0.798883
0.765363
0.796089
0.796089
0.796089
0.776536
Iteration 8
0.782123
0.784916
0.784916
0.784916
0.782123
0.782123
0.796089
0.796089
0.790503
0.787709
0.787709
0.796089
0.796089
0.782123
0.801676
0.798883
0.796089
0.796089
0.796089
0.793296
0.793296
Iteration 9
0.782123
0.77933
0.787709
0.765363
0.796089
0.796089
0.787709
0.796089
0.796089
0.801676
0.798883
0.782123
0.796089
0.782123
0.793296
0.796089
0.796089
0.77933
0.787709
0.790503
0.793296
Iteration 10
0.784916
0.787709
0.790503
0.782123
0.787709
0.765363
0.796089
0.796089
0.776536
0.787709
0.796089
0.796089
0.801676
0.784916
0.798883
0.796089
0.793296
0.796089
0.796089
0.787709
0.793296
Iteration 11
0.782123
0.782123
0.77933
0.77933
0.784916
0.793296
0.796089
0.796089
0.790503
0.796089
0.796089
0.782123
0.801676
0.784916
0.798883
0.796089
0.796089
0.796089
0.793296
0.793296
0.776536
Iteration 12
0.77933
0.77933
0.782123
0.765363
0.796089
0.796089
0.776536
0.782123
0.796089
0.796089
0.801676
0.790503
0.798883
0.787709
0.782123
0.796089
0.796089
0.796089
0.784916
0.793296
0.790503
Iteration 13
0.784916
0.77933
0.787709
0.790503
0.765363
0.796089
0.796089
0.793296
0.782123
0.796089
0.796089
0.801676
0.798883
0.787709
0.787709
0.796089
0.796089
0.796089
0.701117
0.793296
0.790503
Iteration 14
0.782123
0.77933
0.787709
0.787709
0.787709
0.796089
0.796089
0.790503
0.796089
0.796089
0.801676
0.798883
0.776536
0.796089
0.782123
0.796089
0.793296
0.796089
0.796089
0.784916
0.793296
Iteration 15
0.787709
0.77933
0.787709
0.782123
0.787709
0.787709
0.796089
0.796089
0.796089
0.796089
0.787709
0.801676
0.784916
0.787709
0.798883
0.796089
0.796089
0.796089
0.796089
0.784916
0.787709
Iteration 16
0.782123
0.787709
0.77933
0.784916
0.784916
0.787709
0.796089
0.796089
0.787709
0.796089
0.796089
0.801676
0.793296
0.798883
0.796089
0.784916
0.796089
0.796089
0.796089
0.790503
0.793296
Iteration 17
0.787709
0.787709
0.784916
0.796089
0.796089
0.787709
0.796089
0.787709
0.796089
0.801676
0.784916
0.703911
0.787709
0.782123
0.798883
0.796089
0.793296
0.787709
0.796089
0.796089
0.796089
Iteration 18
0.784916
0.782123
0.782123
0.787709
0.765363
0.787709
0.796089
0.796089
0.796089
0.796089
0.77933
0.801676
0.793296
0.798883
0.796089
0.796089
0.787709
0.796089
0.796089
0.796089
0.723464
Iteration 19
0.787709
0.782123
0.782123
0.784916
0.784916
0.765363
0.796089
0.796089
0.796089
0.796089
0.784916
0.801676
0.784916
0.798883
0.796089
0.796089
0.723464
0.790503
0.796089
0.796089
0.793296
Population: {'genomes': [[71, 32, 123, 52, 15, 83, 55, 61], [128, 55, 66, 7, 15, 83, 55, 61], [128, 66, 108, 77, 7, 55, 61], [128, 66, 108, 77, 7], [128, 66, 108, 77, 7], [128, 55, 108, 77, 7, 55, 61], [128, 55, 66, 108, 77], [128, 55, 66, 108, 77], [126, 10, 95, 52, 15, 83, 55, 61], [72, 32, 123, 52, 15, 83, 55, 61], [71, 10, 95, 52, 15, 83, 55, 61], [72, 55, 66, 7, 15, 83, 55, 61], [128, 55, 66, 49, 7, 55], [128, 32, 123, 52, 15, 83, 55, 61], [129, 66, 108, 77, 8], [129, 55, 66, 7, 15, 55, 62], [126, 10, 66, 108, 77], [128, 55, 108, 77, 15, 83, 55, 61], [129, 55, 66, 7, 15, 83, 55, 62], [72, 123, 108, 77], [128, 55, 66, 7, 15, 55, 61]], 'fitness': [0.801676, 0.798883, 0.796089, 0.796089, 0.796089, 0.796089, 0.796089, 0.796089, 0.796089, 0.796089, 0.782123, 0.787709, 0.784916, 0.765363, 0.784916, 0.790503, 0.723464, 0.793296, 0.782123, 0.784916, 0.784916]}
Start EA NN Optimize for dataset: FetalHealth
Population: {'genomes': [[4, 58, 101, 10, 71, 62, 47, 57], [48, 95, 44, 123, 119], [29, 18, 122], [117, 54, 54, 97, 26, 127], [31, 107], [117, 39, 46, 115], [41, 89, 33, 30, 72, 94, 30], [88, 72, 120, 33, 12], [87, 71, 7, 85], [98, 122, 118, 52], [23, 22, 35, 124], [109, 54, 28], [34, 28, 84, 68], [95, 65, 79, 97], [44, 110], [6, 31, 77, 35, 54], [61, 119, 91, 37, 112, 67], [38, 68, 31, 97, 13, 65], [117, 78, 100], [107, 100, 57, 4, 97, 52]]}
Iteration 0
0.797732
0.839319
0.818526
0.802457
0.805293
0.81569
0.860113
0.821361
0.81569
0.835539
0.845936
0.859168
0.862949
0.824197
0.837429
0.844991
0.867675
0.851607
0.838374
0.847826
Iteration 1
0.839319
0.810964
0.796786
0.860113
0.838374
0.834594
0.847826
0.845936
0.807183
0.862949
0.859168
0.852552
0.844991
0.858223
0.858223
0.857278
0.867675
0.851607
0.847826
0.838374
0.851607
Iteration 2
0.831758
0.860113
0.822306
0.811909
0.837429
0.823251
0.852552
0.862949
0.859168
0.858223
0.863894
0.858223
0.857278
0.852552
0.854442
0.854442
0.867675
0.851607
0.847826
0.863894
0.851607
Iteration 3
0.859168
0.860113
0.835539
0.831758
0.823251
0.862949
0.859168
0.863894
0.849716
0.863894
0.858223
0.858223
0.857278
0.854442
0.845936
0.867675
0.830813
0.8431
0.847826
0.832703
0.848771
Iteration 4
0.825142
0.827977
0.859168
0.859168
0.860113
0.856333
0.837429
0.8431
0.859168
0.862949
0.863894
0.863894
0.863894
0.858223
0.858223
0.857278
0.845936
0.864839
0.867675
0.872401
0.867675
Iteration 5
0.8431
0.860113
0.823251
0.857278
0.854442
0.862949
0.859168
0.863894
0.863894
0.863894
0.858223
0.858223
0.859168
0.864839
0.852552
0.867675
0.872401
0.874291
0.834594
0.867675
0.857278
Iteration 6
0.860113
0.842155
0.846881
0.872401
0.838374
0.862949
0.854442
0.863894
0.859168
0.862004
0.863894
0.863894
0.862949
0.839319
0.864839
0.867675
0.872401
0.874291
0.874291
0.867675
0.859168
Iteration 7
0.837429
0.837429
0.830813
0.853497
0.874291
0.872401
0.844991
0.863894
0.863894
0.863894
0.845936
0.854442
0.864839
0.860113
0.850662
0.867675
0.872401
0.874291
0.874291
0.867675
0.829868
Iteration 8
0.842155
0.830813
0.835539
0.874291
0.872401
0.862949
0.850662
0.863894
0.853497
0.863894
0.862949
0.859168
0.867675
0.864839
0.867675
0.872401
0.874291
0.874291
0.867675
0.872401
0.854442
Iteration 9
0.842155
0.854442
0.84121
0.852552
0.855388
0.874291
0.829868
0.872401
0.853497
0.880907
0.859168
0.867675
0.864839
0.86673
0.867675
0.872401
0.874291
0.874291
0.867675
0.872401
0.851607
Iteration 10
0.830813
0.835539
0.842155
0.86673
0.86673
0.849716
0.830813
0.874291
0.872401
0.86862
0.86862
0.880907
0.867675
0.878072
0.867675
0.872401
0.874291
0.874291
0.867675
0.872401
0.859168
Iteration 11
0.8431
0.874291
0.839319
0.872401
0.86862
0.86862
0.869565
0.862004
0.871456
0.880907
0.875236
0.840265
0.859168
0.881853
0.878072
0.872401
0.874291
0.874291
0.867675
0.872401
0.865784
Iteration 12
0.836484
0.852552
0.875236
0.874291
0.862004
0.872401
0.823251
0.867675
0.858223
0.86673
0.880907
0.875236
0.876181
0.881853
0.834594
0.878072
0.872401
0.874291
0.874291
0.872401
0.848771
Iteration 13
0.816635
0.823251
0.849716
0.832703
0.842155
0.875236
0.874291
0.86862
0.864839
0.855388
0.880907
0.875236
0.862949
0.876181
0.879962
0.881853
0.878072
0.874291
0.874291
0.872401
0.874291
Iteration 14
0.872401
0.853497
0.824197
0.86862
0.86673
0.875236
0.874291
0.880907
0.875236
0.856333
0.863894
0.876181
0.879962
0.861059
0.881853
0.878072
0.87051
0.864839
0.874291
0.874291
0.854442
Iteration 15
0.872401
0.875236
0.849716
0.874291
0.860113
0.844991
0.857278
0.844991
0.867675
0.880907
0.857278
0.875236
0.876181
0.876181
0.881853
0.879962
0.878072
0.864839
0.874291
0.874291
0.873346
Iteration 16
0.842155
0.842155
0.846881
0.823251
0.875236
0.857278
0.856333
0.869565
0.880907
0.857278
0.875236
0.862949
0.876181
0.876181
0.879962
0.881853
0.878072
0.857278
0.874291
0.874291
0.844991
Iteration 17
0.853497
0.873346
0.875236
0.828922
0.881853
0.8431
0.880907
0.857278
0.857278
0.857278
0.862949
0.875236
0.876181
0.881853
0.879962
0.878072
0.878072
0.874291
0.874291
0.857278
Iteration 18
0.816635
0.844991
0.872401
0.859168
0.875236
0.871456
0.881853
0.86862
0.880907
0.873346
0.875236
0.876181
0.876181
0.851607
0.879962
0.881853
0.878072
0.878072
0.867675
0.872401
0.874291
Iteration 19
0.853497
0.855388
0.871456
0.875236
0.865784
0.881853
0.86673
0.876181
0.880907
0.857278
0.857278
0.875236
0.876181
0.876181
0.876181
0.879962
0.881853
0.878072
0.878072
0.854442
0.860113
Population: {'genomes': [[108, 18, 33, 30, 72, 93, 31], [100, 18, 33, 30, 71, 94, 32], [107, 33, 9, 30, 72, 94, 31], [108, 18, 58, 44, 123, 94, 30], [108, 18, 33, 30, 72, 94, 32], [108, 18, 33, 30, 72, 94, 32], [109, 18, 33, 30, 72, 94, 33], [109, 18, 33, 30, 72, 94, 33], [109, 18, 33, 30, 72, 94, 33], [108, 18, 33, 30, 72, 94, 119], [108, 18, 33, 30, 72, 94, 33], [109, 18, 33, 30, 72, 94, 31], [108, 33, 30, 72, 107, 94, 31], [108, 18, 33, 30, 72, 94, 33], [109, 18, 33, 30, 72, 93, 32], [107, 33, 9, 30, 72, 94, 32], [109, 18, 33, 30, 72, 94, 119], [100, 18, 33, 30, 72, 94, 32], [109, 18, 33, 123, 94, 21, 30], [107, 33, 33, 30, 71, 94, 32], [108, 18, 33, 30, 72, 94, 33]], 'fitness': [0.881853, 0.881853, 0.880907, 0.879962, 0.878072, 0.878072, 0.876181, 0.876181, 0.875236, 0.875236, 0.855388, 0.876181, 0.871456, 0.857278, 0.857278, 0.853497, 0.854442, 0.876181, 0.86673, 0.865784, 0.860113]}
Start EA NN Optimize for dataset: Drug200
Population: {'genomes': [[75, 21, 58, 106, 12, 67], [84, 70, 90], [23, 61, 80, 42, 124], [49, 53, 87, 32, 89, 16, 115, 31], [42, 50, 67, 51, 83], [15, 31, 56, 75, 50], [93, 24, 47], [102, 101, 83, 73, 25, 88], [5, 96, 47, 72, 69], [40, 54, 17, 89, 61], [11, 92, 126, 99, 32, 101], [98, 97, 95, 97], [97, 111, 120, 48], [111, 90], [120, 69], [28, 45, 103], [97, 67, 10, 47], [90, 22, 127, 95, 14, 78], [51, 29, 4, 98, 14, 13, 14], [102, 40, 50, 35, 26, 11, 118]]}
Iteration 0
0.69
0.82
0.77
0.82
0.79
0.83
0.83
0.81
0.75
0.82
0.73
0.81
0.69
0.84
0.84
0.83
0.76
0.84
0.8
0.71
Iteration 1
0.82
0.83
0.81
0.82
0.82
0.83
0.83
0.71
0.82
0.82
0.81
0.84
0.84
0.83
0.83
0.84
0.79
0.84
0.74
0.84
0.77
Iteration 2
0.68
0.79
0.83
0.65
0.83
0.84
0.83
0.82
0.83
0.83
0.82
0.84
0.84
0.83
0.84
0.83
0.79
0.83
0.84
0.84
0.8
Iteration 3
0.7
0.66
0.68
0.84
0.83
0.82
0.82
0.81
0.76
0.84
0.84
0.84
0.83
0.84
0.83
0.83
0.84
0.8
0.84
0.84
0.83
Iteration 4
0.65
0.83
0.84
0.84
0.82
0.82
0.84
0.81
0.83
0.84
0.65
0.84
0.8
0.84
0.81
0.83
0.83
0.84
0.84
0.84
0.83
Iteration 5
0.65
0.65
0.65
0.83
0.84
0.84
0.84
0.82
0.82
0.8
0.84
0.7
0.84
0.84
0.82
0.84
0.84
0.82
0.84
0.83
0.81
Iteration 6
0.65
0.68
0.7
0.81
0.84
0.84
0.84
0.83
0.84
0.68
0.81
0.84
0.84
0.84
0.81
0.84
0.82
0.84
0.84
0.84
0.83
Iteration 7
0.68
0.65
0.7
0.84
0.84
0.84
0.8
0.84
0.81
0.84
0.82
0.84
0.82
0.84
0.84
0.84
0.82
0.84
0.81
0.84
0.83
Iteration 8
0.63
0.63
0.71
0.83
0.84
0.84
0.84
0.84
0.8
0.84
0.82
0.84
0.84
0.84
0.8
0.81
0.84
0.82
0.83
0.84
0.83
Iteration 9
0.68
0.64
0.82
0.84
0.84
0.84
0.83
0.84
0.84
0.84
0.84
0.84
0.82
0.82
0.84
0.83
0.82
0.84
0.81
0.84
0.84
Iteration 10
0.63
0.68
0.65
0.84
0.84
0.84
0.84
0.82
0.84
0.84
0.82
0.68
0.84
0.83
0.84
0.82
0.84
0.82
0.84
0.84
0.84
Iteration 11
0.72
0.68
0.68
0.65
0.83
0.84
0.84
0.81
0.81
0.84
0.84
0.82
0.84
0.83
0.84
0.84
0.84
0.84
0.82
0.84
0.82
Iteration 12
0.68
0.83
0.84
0.84
0.83
0.79
0.82
0.83
0.82
0.84
0.84
0.82
0.84
0.84
0.84
0.84
0.84
0.84
0.82
0.84
0.8
Iteration 13
0.65
0.84
0.81
0.82
0.84
0.77
0.84
0.84
0.7
0.82
0.8
0.83
0.84
0.84
0.82
0.84
0.84
0.84
0.84
0.81
0.84
Iteration 14
0.68
0.65
0.65
0.64
0.72
0.82
0.84
0.81
0.84
0.84
0.84
0.8
0.8
0.84
0.84
0.84
0.84
0.84
0.84
0.84
0.83
Iteration 15
0.68
0.65
0.64
0.79
0.83
0.77
0.84
0.84
0.84
0.8
0.8
0.84
0.84
0.84
0.84
0.84
0.83
0.84
0.83
0.84
0.83
Iteration 16
0.68
0.65
0.69
0.64
0.82
0.77
0.77
0.84
0.84
0.84
0.81
0.84
0.84
0.84
0.82
0.84
0.84
0.84
0.84
0.84
0.82
Iteration 17
0.71
0.76
0.64
0.84
0.84
0.84
0.84
0.84
0.8
0.83
0.84
0.84
0.84
0.83
0.84
0.84
0.81
0.8
0.84
0.83
0.81
Iteration 18
0.68
0.81
0.83
0.84
0.84
0.84
0.84
0.83
0.84
0.84
0.82
0.82
0.84
0.84
0.82
0.84
0.83
0.83
0.82
0.84
0.83
Iteration 19
0.65
0.65
0.65
0.83
0.82
0.77
0.82
0.77
0.84
0.84
0.84
0.82
0.84
0.84
0.84
0.84
0.84
0.84
0.83
0.84
0.83
Population: {'genomes': [[120, 69, 48], [120, 69], [111, 91], [111, 91], [111, 90], [111, 47, 30, 47], [93, 69, 48], [93, 69, 48], [93, 24, 48, 13], [93, 24, 47, 47], [120, 91], [120, 69, 48, 47], [111, 91, 48, 13], [111, 69, 48, 66], [60, 93, 47], [112, 92], [111, 69], [111, 69, 48], [94, 69, 49], [112, 91], [93, 69, 73]], 'fitness': [0.84, 0.84, 0.84, 0.84, 0.84, 0.84, 0.84, 0.84, 0.84, 0.84, 0.82, 0.82, 0.65, 0.77, 0.65, 0.83, 0.82, 0.77, 0.65, 0.83, 0.83]}
Start EA NN Optimize for dataset: Abalone
Population: {'genomes': [[4, 4, 52, 48], [10, 14], [30, 34, 104, 99, 61], [15, 113, 108], [82, 87, 12, 40, 105, 103], [118, 58, 82, 23], [115, 33, 80, 9, 79], [104, 26, 59, 82, 122, 39, 30], [93, 87, 117, 103], [83, 103, 94], [5, 48], [18, 95, 79, 6], [115, 47], [116, 37, 45, 80, 72, 68, 64], [87, 37], [101, 44], [19, 50, 113, 23, 90, 58], [54, 59], [85, 111, 42], [11, 84, 50]]}
Iteration 0
0.277033
0.286603
0.286124
0.282297
0.281818
0.278469
0.279904
0.27799
0.281818
0.271292
0.28756
0.282775
0.286124
0.27177
0.283732
0.292344
0.272727
0.284689
0.273684
0.283732
Iteration 1
0.286603
0.286124
0.282297
0.278947
0.276077
0.279426
0.276555
0.288038
0.28756
0.282775
0.286124
0.277033
0.283732
0.292344
0.283732
0.284689
0.28756
0.285167
0.283732
0.272249
0.265072
Iteration 2
0.286603
0.283254
0.286124
0.275598
0.280861
0.278947
0.288038
0.273206
0.281818
0.28756
0.286124
0.277033
0.276077
0.292344
0.284689
0.28756
0.284689
0.270813
0.285167
0.283732
0.284689
Iteration 3
0.286603
0.286124
0.286124
0.288517
0.263636
0.277512
0.28756
0.284211
0.288038
0.261722
0.28756
0.27799
0.286124
0.28134
0.280383
0.292344
0.284689
0.284689
0.28756
0.285167
0.280383
Iteration 4
0.286603
0.278947
0.283254
0.286124
0.286124
0.288517
0.288517
0.286124
0.286603
0.28756
0.285167
0.288038
0.288038
0.28756
0.280383
0.286124
0.276077
0.286124
0.292344
0.28756
0.286124
Iteration 5
0.286603
0.288517
0.288517
0.28134
0.276077
0.28134
0.27799
0.286603
0.28756
0.284689
0.277512
0.277512
0.288038
0.278947
0.288038
0.284689
0.28756
0.292344
0.290909
0.28756
0.27799
Iteration 6
0.286603
0.283254
0.283254
0.288517
0.288517
0.28134
0.27799
0.27799
0.28756
0.288038
0.278469
0.278469
0.288038
0.285646
0.280383
0.28756
0.280383
0.290909
0.292344
0.28756
0.28134
Iteration 7
0.286603
0.283254
0.274163
0.274641
0.288517
0.288517
0.28134
0.28756
0.288038
0.284211
0.279426
0.288038
0.285646
0.28756
0.28134
0.283254
0.290909
0.292344
0.28756
0.278469
0.268421
Iteration 8
0.286603
0.283254
0.288517
0.27512
0.288517
0.281818
0.27799
0.28756
0.284211
0.288038
0.283254
0.288038
0.285646
0.28756
0.282775
0.290909
0.290909
0.290909
0.292344
0.28756
0.277033
Iteration 9
0.283254
0.274163
0.288517
0.288517
0.266986
0.28756
0.280861
0.277512
0.288038
0.278469
0.288038
0.28756
0.27512
0.283254
0.290909
0.290909
0.290909
0.292344
0.284689
0.288038
0.288995
Iteration 10
0.288517
0.288517
0.29378
0.288995
0.279904
0.28134
0.277512
0.288038
0.278469
0.288038
0.282297
0.294737
0.290909
0.290909
0.290909
0.292344
0.284689
0.288038
0.279904
0.294258
0.290909
Iteration 11
0.288517
0.281818
0.29378
0.273684
0.288995
0.284211
0.27512
0.28134
0.294737
0.28134
0.285646
0.278469
0.289474
0.279904
0.290909
0.290909
0.290909
0.290909
0.292344
0.294258
0.276555
Iteration 12
0.283254
0.27512
0.29378
0.283254
0.285167
0.288995
0.284211
0.294737
0.294737
0.276077
0.278469
0.289474
0.290909
0.290909
0.290909
0.290909
0.292344
0.280861
0.286124
0.294258
0.277033
Iteration 13
0.29378
0.285167
0.294737
0.294737
0.285167
0.278469
0.278469
0.289474
0.279904
0.292344
0.282297
0.290909
0.290909
0.290909
0.290909
0.286603
0.278469
0.294258
0.270813
0.27177
0.277033
Iteration 14
0.274163
0.29378
0.279426
0.273684
0.291866
0.277033
0.277512
0.285167
0.273684
0.294737
0.294737
0.289474
0.290909
0.290909
0.290909
0.290909
0.292344
0.278469
0.294258
0.276555
0.173684
Iteration 15
0.29378
0.275598
0.291866
0.277512
0.278469
0.278469
0.282297
0.276077
0.294737
0.294737
0.277512
0.290909
0.290909
0.290909
0.290909
0.292344
0.283732
0.28134
0.283732
0.294258
0.278469
Iteration 16
0.283732
0.29378
0.291866
0.283254
0.282297
0.278469
0.294737
0.288038
0.294737
0.28756
0.279426
0.278469
0.279904
0.290909
0.290909
0.290909
0.290909
0.292344
0.28756
0.294258
0.282775
Iteration 17
0.29378
0.27512
0.291866
0.284211
0.278469
0.286603
0.294737
0.29378
0.294737
0.278469
0.278469
0.278469
0.290909
0.290909
0.290909
0.290909
0.292344
0.286124
0.294258
0.28134
0.278469
Iteration 18
0.29378
0.27512
0.291866
0.277033
0.277033
0.278469
0.280383
0.29378
0.294737
0.294737
0.275598
0.279426
0.286124
0.290909
0.290909
0.290909
0.292344
0.278469
0.294258
0.294258
0.286603
Iteration 19
0.27512
0.28134
0.29378
0.27512
0.291866
0.283254
0.273684
0.294737
0.276077
0.294737
0.29378
0.285167
0.279904
0.290909
0.290909
0.292344
0.278469
0.276077
0.294258
0.294258
0.273684
Population: {'genomes': [[74, 62, 70], [74, 62, 70], [110, 84, 8], [110, 84, 8], [84, 7], [54, 115, 84, 9], [54, 59], [75, 103, 103], [74, 102], [74, 102], [84, 102], [74, 59], [110, 102], [74, 7], [74, 102, 70], [75, 103], [84, 103, 103], [74, 102, 8], [10, 102], [74, 102, 70], [115, 8]], 'fitness': [0.294737, 0.294737, 0.294258, 0.294258, 0.29378, 0.29378, 0.292344, 0.291866, 0.290909, 0.290909, 0.278469, 0.276077, 0.273684, 0.27512, 0.276077, 0.279904, 0.283254, 0.27512, 0.28134, 0.285167, 0.273684]}
Start EA NN Optimize for dataset: DataDiagnosis
Population: {'genomes': [[69, 69, 45], [107, 26, 27, 23, 22, 35], [97, 16, 60], [15, 14], [48, 61], [113, 34, 29, 49, 27, 16], [55, 83, 60, 113], [110, 126], [44, 84, 83, 67, 82], [10, 81, 47, 15, 82, 89], [52, 18], [122, 86, 121, 108], [34, 121, 21, 36, 103, 69], [49, 69, 105, 25], [82, 67, 26, 61, 42, 68, 26, 43], [91, 39, 88, 16, 32], [55, 67], [122, 34, 59, 127, 123], [127, 42], [108, 33, 120]]}
Iteration 0
0.93007
0.905594
0.902098
0.933566
0.902098
0.902098
0.923077
0.909091
0.91958
0.898601
0.940559
0.867133
0.916084
0.888112
0.905594
0.91958
0.902098
0.916084
0.923077
0.898601
Iteration 1
0.93007
0.91958
0.923077
0.877622
0.93007
0.933566
0.923077
0.91958
0.909091
0.91958
0.923077
0.909091
0.902098
0.940559
0.905594
0.916084
0.93007
0.91958
0.916084
0.923077
0.902098
Iteration 2
0.93007
0.937063
0.923077
0.91958
0.933566
0.93007
0.923077
0.912587
0.923077
0.923077
0.923077
0.93007
0.91958
0.940559
0.91958
0.93007
0.870629
0.91958
0.926573
0.923077
0.853147
Iteration 3
0.93007
0.937063
0.91958
0.937063
0.905594
0.923077
0.905594
0.884615
0.933566
0.93007
0.93007
0.944056
0.93007
0.91958
0.940559
0.93007
0.926573
0.909091
0.926573
0.923077
0.923077
Iteration 4
0.93007
0.937063
0.937063
0.923077
0.933566
0.912587
0.933566
0.93007
0.923077
0.944056
0.93007
0.93007
0.940559
0.940559
0.93007
0.93007
0.93007
0.93007
0.905594
0.926573
0.923077
Iteration 5
0.926573
0.937063
0.937063
0.912587
0.933566
0.937063
0.912587
0.93007
0.933566
0.937063
0.91958
0.933566
0.912587
0.944056
0.940559
0.940559
0.93007
0.93007
0.93007
0.926573
0.93007
Iteration 6
0.937063
0.937063
0.909091
0.933566
0.926573
0.937063
0.940559
0.93007
0.933566
0.888112
0.912587
0.937063
0.916084
0.926573
0.944056
0.933566
0.940559
0.940559
0.905594
0.926573
0.926573
Iteration 7
0.937063
0.937063
0.912587
0.933566
0.937063
0.940559
0.91958
0.933566
0.937063
0.933566
0.944056
0.940559
0.895105
0.940559
0.909091
0.902098
0.888112
0.888112
0.937063
0.93007
0.940559
Iteration 8
0.937063
0.937063
0.93007
0.937063
0.937063
0.937063
0.940559
0.881119
0.947552
0.937063
0.937063
0.940559
0.944056
0.940559
0.940559
0.926573
0.944056
0.93007
0.937063
0.937063
0.937063
Iteration 9
0.937063
0.912587
0.937063
0.940559
0.947552
0.912587
0.940559
0.944056
0.940559
0.923077
0.937063
0.940559
0.944056
0.93007
0.888112
0.937063
0.933566
0.933566
0.891608
0.944056
0.933566
Iteration 10
0.86014
0.937063
0.912587
0.940559
0.912587
0.947552
0.940559
0.926573
0.944056
0.940559
0.940559
0.937063
0.937063
0.944056
0.937063
0.933566
0.891608
0.905594
0.91958
0.944056
0.912587
Iteration 11
0.916084
0.940559
0.933566
0.933566
0.947552
0.926573
0.940559
0.944056
0.940559
0.91958
0.937063
0.940559
0.93007
0.944056
0.93007
0.923077
0.933566
0.937063
0.937063
0.944056
0.940559
Iteration 12
0.940559
0.91958
0.947552
0.926573
0.940559
0.940559
0.937063
0.909091
0.944056
0.940559
0.940559
0.937063
0.91958
0.944056
0.937063
0.933566
0.944056
0.937063
0.937063
0.916084
0.933566
Iteration 13
0.93007
0.912587
0.940559
0.909091
0.947552
0.937063
0.940559
0.940559
0.909091
0.944056
0.940559
0.940559
0.944056
0.944056
0.937063
0.933566
0.944056
0.937063
0.937063
0.940559
0.937063
Iteration 14
0.937063
0.916084
0.937063
0.937063
0.940559
0.926573
0.947552
0.940559
0.940559
0.944056
0.940559
0.944056
0.944056
0.937063
0.937063
0.944056
0.91958
0.944056
0.937063
0.940559
0.944056
Iteration 15
0.933566
0.933566
0.947552
0.940559
0.944056
0.944056
0.926573
0.937063
0.937063
0.853147
0.940559
0.944056
0.944056
0.93007
0.944056
0.944056
0.937063
0.944056
0.926573
0.940559
0.912587
Iteration 16
0.912587
0.947552
0.940559
0.944056
0.944056
0.926573
0.937063
0.940559
0.937063
0.937063
0.937063
0.944056
0.944056
0.926573
0.944056
0.944056
0.933566
0.937063
0.944056
0.940559
0.937063
Iteration 17
0.937063
0.937063
0.937063
0.947552
0.940559
0.91958
0.944056
0.944056
0.926573
0.940559
0.937063
0.944056
0.944056
0.93007
0.93007
0.937063
0.944056
0.944056
0.944056
0.940559
0.937063
Iteration 18
0.937063
0.912587
0.93007
0.947552
0.937063
0.923077
0.944056
0.944056
0.940559
0.944056
0.944056
0.91958
0.944056
0.944056
0.944056
0.923077
0.923077
0.926573
0.944056
0.940559
0.923077
Iteration 19
0.916084
0.912587
0.947552
0.944056
0.944056
0.933566
0.926573
0.937063
0.937063
0.944056
0.944056
0.91958
0.944056
0.933566
0.944056
0.944056
0.944056
0.937063
0.944056
0.940559
0.933566
Population: {'genomes': [[116, 14], [129, 15], [129, 15], [129, 15], [129, 15], [127, 43], [123, 42], [123, 42], [122, 14], [122, 14], [122, 42], [129, 14], [123, 14], [123, 15], [122, 15], [123, 15], [127, 15], [122, 32], [116, 15], [129, 14], [78, 127, 83]], 'fitness': [0.947552, 0.944056, 0.944056, 0.944056, 0.944056, 0.944056, 0.944056, 0.944056, 0.944056, 0.940559, 0.926573, 0.937063, 0.91958, 0.937063, 0.937063, 0.916084, 0.912587, 0.933566, 0.933566, 0.944056, 0.933566]}
Start EA NN Optimize for dataset: Glass
Population: {'genomes': [[124, 94, 101, 20], [25, 86], [123, 22, 55], [66, 35, 60, 54, 96], [57, 5, 44, 77], [51, 86, 76], [56, 66], [98, 119, 96, 8, 95, 90], [36, 12, 84, 107, 20, 72], [9, 126], [80, 47, 120, 108, 31, 55], [81, 20, 17, 69, 107], [124, 128], [10, 52, 65, 68, 45, 27], [116, 22, 48], [66, 91, 41, 17], [42, 100, 41, 70, 5, 101], [88, 64, 52, 112, 48, 83], [11, 35], [13, 69, 49]]}
Iteration 0
0.62963
0.62963
0.62963
0.611111
0.666667
0.62037
0.611111
0.592593
0.62963
0.638889
0.657407
0.62037
0.657407
0.62037
0.657407
0.611111
0.574074
0.574074
0.62037
0.611111
Iteration 1
0.62963
0.62963
0.62963
0.666667
0.62963
0.611111
0.638889
0.638889
0.611111
0.611111
0.657407
0.601852
0.657407
0.648148
0.62037
0.62037
0.657407
0.601852
0.648148
0.574074
0.638889
Iteration 2
0.666667
0.657407
0.666667
0.638889
0.62963
0.657407
0.638889
0.638889
0.657407
0.657407
0.657407
0.62037
0.657407
0.648148
0.574074
0.638889
0.657407
0.648148
0.648148
0.62963
0.638889
Iteration 3
0.666667
0.555556
0.657407
0.648148
0.666667
0.657407
0.611111
0.657407
0.657407
0.666667
0.657407
0.62963
0.611111
0.657407
0.675926
0.62037
0.611111
0.648148
0.657407
0.648148
0.657407
Iteration 4
0.416667
0.666667
0.657407
0.666667
0.648148
0.666667
0.666667
0.657407
0.648148
0.666667
0.675926
0.648148
0.657407
0.657407
0.675926
0.657407
0.657407
0.601852
0.62037
0.62963
0.62963
Iteration 5
0.416667
0.666667
0.666667
0.666667
0.666667
0.62963
0.666667
0.62963
0.574074
0.62963
0.657407
0.675926
0.666667
0.611111
0.574074
0.675926
0.657407
0.657407
0.435185
0.62963
0.62963
Iteration 6
0.666667
0.666667
0.666667
0.666667
0.611111
0.648148
0.666667
0.666667
0.601852
0.657407
0.666667
0.675926
0.601852
0.601852
0.675926
0.675926
0.62963
0.657407
0.62037
0.62963
0.601852
Iteration 7
0.666667
0.666667
0.648148
0.648148
0.666667
0.666667
0.564815
0.648148
0.666667
0.666667
0.666667
0.675926
0.592593
0.611111
0.601852
0.62037
0.675926
0.675926
0.638889
0.648148
0.62963
Iteration 8
0.416667
0.638889
0.666667
0.666667
0.666667
0.685185
0.583333
0.666667
0.666667
0.666667
0.564815
0.648148
0.666667
0.666667
0.675926
0.666667
0.675926
0.675926
0.601852
0.685185
0.648148
Iteration 9
0.518519
0.666667
0.666667
0.666667
0.685185
0.648148
0.666667
0.666667
0.666667
0.490741
0.666667
0.666667
0.675926
0.611111
0.611111
0.648148
0.675926
0.675926
0.675926
0.685185
0.648148
Iteration 10
0.435185
0.666667
0.666667
0.666667
0.685185
0.666667
0.555556
0.666667
0.675926
0.611111
0.648148
0.574074
0.675926
0.675926
0.675926
0.675926
0.648148
0.648148
0.685185
0.62963
0.62037
Iteration 11
0.462963
0.666667
0.666667
0.685185
0.657407
0.62963
0.62963
0.666667
0.675926
0.601852
0.648148
0.62037
0.675926
0.675926
0.675926
0.675926
0.638889
0.685185
0.62963
0.611111
0.601852
Iteration 12
0.435185
0.416667
0.666667
0.666667
0.685185
0.666667
0.675926
0.592593
0.62037
0.592593
0.638889
0.675926
0.675926
0.675926
0.675926
0.574074
0.601852
0.685185
0.601852
0.62037
0.657407
Iteration 13
0.666667
0.666667
0.685185
0.648148
0.592593
0.694444
0.694444
0.666667
0.666667
0.675926
0.62037
0.675926
0.675926
0.675926
0.675926
0.675926
0.648148
0.685185
0.657407
0.583333
0.648148
Iteration 14
0.5
0.685185
0.685185
0.638889
0.648148
0.694444
0.694444
0.62037
0.675926
0.675926
0.675926
0.675926
0.675926
0.675926
0.648148
0.611111
0.685185
0.685185
0.611111
0.62037
0.601852
Iteration 15
0.5
0.638889
0.685185
0.685185
0.62037
0.694444
0.694444
0.62963
0.675926
0.675926
0.675926
0.675926
0.648148
0.648148
0.62963
0.685185
0.685185
0.62037
0.657407
0.675926
0.638889
Iteration 16
0.462963
0.685185
0.685185
0.62037
0.694444
0.694444
0.62963
0.611111
0.592593
0.675926
0.675926
0.657407
0.675926
0.638889
0.675926
0.648148
0.648148
0.685185
0.685185
0.675926
0.657407
Iteration 17
0.462963
0.509259
0.5
0.685185
0.685185
0.490741
0.694444
0.694444
0.574074
0.574074
0.675926
0.648148
0.675926
0.592593
0.675926
0.592593
0.611111
0.685185
0.685185
0.675926
0.638889
Iteration 18
0.5
0.5
0.416667
0.490741
0.685185
0.685185
0.648148
0.694444
0.694444
0.638889
0.611111
0.675926
0.648148
0.675926
0.675926
0.675926
0.685185
0.685185
0.657407
0.675926
0.675926
Iteration 19
0.490741
0.685185
0.685185
0.694444
0.694444
0.601852
0.694444
0.657407
0.675926
0.62037
0.675926
0.546296
0.638889
0.685185
0.685185
0.675926
0.648148
0.675926
0.657407
0.657407
0.611111
Population: {'genomes': [[98, 5, 44, 109, 8, 5, 101], [57, 5, 44, 77, 5, 5, 101], [57, 5, 44, 77, 5, 5, 101], [57, 119, 96, 37, 8, 5, 101], [57, 119, 96, 37, 8, 5, 101], [57, 5, 44, 109, 8, 5, 101], [57, 5, 44, 17, 101], [119, 96, 96, 8, 44, 101], [119, 96, 72, 8, 5, 101], [119, 96, 37, 8, 5, 102], [57, 5, 44, 109, 8, 5, 101], [119, 96, 96, 109, 8, 5, 101], [57, 5, 44, 109, 8, 5, 101], [58, 5, 44, 17, 102], [57, 5, 44, 77, 8, 5, 101], [57, 119, 96, 37, 5, 101], [119, 96, 72, 8, 5, 102], [102, 119, 8, 44, 101], [57, 14, 72, 8, 9, 101], [57, 5, 44, 37, 8, 5, 101], [58, 5, 44, 77, 5, 5, 102]], 'fitness': [0.694444, 0.694444, 0.685185, 0.685185, 0.685185, 0.685185, 0.675926, 0.675926, 0.675926, 0.675926, 0.648148, 0.657407, 0.546296, 0.657407, 0.62037, 0.657407, 0.694444, 0.601852, 0.490741, 0.638889, 0.611111]}
Start EA NN Optimize for dataset: Mushrooms
Population: {'genomes': [[93, 32], [98, 53, 27, 49, 121, 126], [122, 115], [86, 122], [115, 120, 29], [98, 24, 68, 94, 80, 54], [91, 30], [99, 117], [60, 65, 97], [24, 55, 94, 43, 115, 41, 36, 70], [111, 88, 64, 41, 31, 51, 32, 38], [22, 16, 30, 99, 12], [40, 87, 116, 9, 52, 124], [127, 33], [114, 31, 46, 29, 94, 65], [65, 100, 63, 33, 69, 7, 10], [62, 114, 15, 5], [72, 45, 75, 42, 72, 73, 16], [40, 76, 111, 57, 25, 37], [28, 117, 93]]}
Iteration 0
0.983506
0.983506
0.983506
0.983506
0.983506
0.983506
0.983506
0.983506
0.983506
0.983506
0.983506
0.983506
0.983506
0.983506
0.982029
0.982029
0.983506
0.983506
0.983506
0.983506
Iteration 1
0.983506
0.983506
0.983506
0.983506
0.983506
0.983506
0.983506
0.983506
0.983506
0.983506
0.983506
0.983506
0.983506
0.983506
0.983506
0.983506
0.983506
0.983506
0.983506
0.983506
0.983506
Iteration 2
0.983506
0.983506
0.983506
0.983506
0.983506
0.983506
0.983506
0.983506
0.983506
0.983506
0.983506
0.983506
0.983506
0.983506
0.983506
0.983506
0.983506
0.983506
0.983506
0.983506
0.983506
Iteration 3
0.983506
0.983506
0.983506
0.983506
0.983506
0.983506
0.982029
0.983506
0.983506
0.983506
0.983506
0.983506
0.983506
0.983506
0.983506
0.983506
0.983506
0.983506
0.983506
0.982029
0.983506
Iteration 4
0.983506
0.983506
0.983506
0.983506
0.983506
0.983506
0.983506
0.983506
0.983506
0.983506
0.983506
0.983506
0.983506
0.983506
0.983506
0.983506
0.983506
0.983506
0.983506
0.983506
0.983506
Iteration 5
0.983506
0.983506
0.983506
0.983506
0.983506
0.983506
0.983506
0.983506
0.983506
0.983506
0.983506
0.983506
0.983506
0.983506
0.983506
0.983506
0.983506
0.983506
0.983506
0.983506
0.983506
Iteration 6
0.983506
0.983506
0.983506
0.983506
0.983506
0.983506
0.983506
0.983506
0.983506
0.983506
0.983506
0.983506
0.983506
0.983506
0.983506
0.983506
0.983506
0.982029
0.983506
0.983506
0.983506
Iteration 7
0.983506
0.983506
0.983506
0.983506
0.983506
0.983506
0.983506
0.983506
0.983506
0.983506
0.983506
0.983506
0.983506
0.983506
0.983506
0.983506
0.983506
0.983506
0.983506
0.983506
0.983506
Iteration 8
0.983506
0.982029
0.983506
0.983506
0.983506
0.983506
0.983506
0.983506
0.983506
0.983506
0.983506
0.983506
0.982029
0.983506
0.983506
0.983506
0.983506
0.983506
0.983506
0.983506
0.983506
Iteration 9
0.983506
0.983506
0.983506
0.983506
0.983506
0.983506
0.983506
0.983506
0.983506
0.983506
0.983506
0.983506
0.983506
0.983506
0.983506
0.983506
0.983506
0.983506
0.983506
0.983506
0.983506
Iteration 10
0.982029
0.982029
0.982029
0.982029
0.983506
0.983506
0.983506
0.983506
0.983506
0.983506
0.983506
0.983506
0.983506
0.983506
0.983506
0.982029
0.983506
0.983506
0.983506
0.983506
0.983506
Iteration 11
0.983506
0.983506
0.983506
0.983506
0.983506
0.983506
0.983506
0.983506
0.983506
0.983506
0.983506
0.983506
0.983506
0.983506
0.983506
0.983506
0.983506
0.983506
0.983506
0.983506
0.983506
Iteration 12
0.983506
0.983506
0.983506
0.983506
0.983506
0.983506
0.983506
0.983506
0.983506
0.983506
0.983506
0.983506
0.983506
0.983506
0.983506
0.983506
0.983506
0.983506
0.983506
0.983506
0.983506
Iteration 13
0.983506
0.983506
0.983506
0.983506
0.983506
0.983506
0.983506
0.983506
0.983506
0.983506
0.983506
0.983506
0.983506
0.983506
0.983506
0.983506
0.983506
0.983506
0.983506
0.983506
0.983506
Iteration 14
0.983506
0.983506
0.983506
0.983506
0.983506
0.983506
0.983506
0.983506
0.983506
0.983506
0.983506
0.983506
0.983506
0.983506
0.983506
0.983506
0.983506
0.983506
0.983506
0.983506
0.983506
Iteration 15
0.983506
0.983506
0.983506
0.983506
0.983506
0.983506
0.983506
0.983506
0.983506
0.983506
0.983506
0.983506
0.983506
0.983506
0.983506
0.983506
0.983506
0.983506
0.983506
0.983506
0.983506
Iteration 16
0.983506
0.983506
0.983506
0.983506
0.983506
0.983506
0.983506
0.983506
0.983506
0.983506
0.983506
0.983506
0.983506
0.982029
0.982029
0.983506
0.983506
0.983506
0.983506
0.983506
0.983506
Iteration 17
0.983506
0.983506
0.983506
0.983506
0.983506
0.983506
0.982029
0.983506
0.983506
0.983506
0.983506
0.983506
0.983506
0.983506
0.983506
0.983506
0.983506
0.982029
0.983506
0.983506
0.983506
Iteration 18
0.983506
0.983506
0.983506
0.983506
0.983506
0.983506
0.983506
0.983506
0.983506
0.983506
0.983506
0.983506
0.983506
0.983506
0.983506
0.983506
0.983506
0.983506
0.983506
0.983506
0.983506
Iteration 19
0.983506
0.983506
0.983506
0.983506
0.983506
0.983506
0.983506
0.983506
0.983506
0.983506
0.983506
0.983506
0.983506
0.983506
0.983506
0.983506
0.983506
0.983506
0.983506
0.983506
0.983506
Population: {'genomes': [[138, 139], [138, 139], [138, 139], [138, 139], [138, 138], [138, 138], [138, 137, 44], [138, 130], [138, 130], [138, 44], [139, 45], [102, 139, 45], [139, 140], [139, 139], [139, 45], [139, 140], [139, 139], [139, 140], [139, 140], [139, 131], [139, 137, 45]], 'fitness': [0.983506, 0.983506, 0.983506, 0.983506, 0.983506, 0.983506, 0.983506, 0.983506, 0.983506, 0.983506, 0.983506, 0.983506, 0.983506, 0.983506, 0.983506, 0.983506, 0.983506, 0.983506, 0.983506, 0.983506, 0.983506]}
Start EA NN Optimize for dataset: PredictiveMaintenance
Population: {'genomes': [[46, 60, 62], [15, 124, 56, 71, 46, 34, 15], [82, 98], [4, 94, 45], [47, 30, 86], [109, 118, 84], [93, 121, 101, 99, 14], [24, 86, 65, 29, 6], [127, 35, 117, 76], [37, 69], [48, 84, 89, 100, 59, 29, 89], [14, 6, 93, 41, 56, 112], [50, 10], [68, 71], [4, 75, 74, 16, 78, 20], [73, 36, 51, 82, 13, 41, 39], [105, 75, 62, 8, 61], [65, 26, 9, 126, 7, 5], [68, 67, 99], [11, 53, 34]]}
Iteration 0
0.984
0.9864
0.989
0.9928
0.9924
0.9884
0.9936
0.9924
0.9798
0.9928
0.9928
0.9878
0.9834
0.9792
0.98
0.9858
0.983
0.9892
0.9914
0.9848
Iteration 1
0.9912
0.989
0.9928
0.9924
0.9884
0.9824
0.9936
0.9924
0.9918
0.992
0.9928
0.9924
0.9928
0.9918
0.9812
0.9802
0.9896
0.993
0.9892
0.9894
0.9914
Iteration 2
0.99
0.9924
0.9928
0.9924
0.9926
0.9884
0.9906
0.9906
0.9936
0.9924
0.9886
0.9922
0.993
0.9922
0.992
0.9928
0.9922
0.9924
0.9928
0.9918
0.991
Iteration 3
0.9924
0.9928
0.99
0.9924
0.9926
0.9936
0.9876
0.9924
0.9908
0.993
0.9924
0.9928
0.9912
0.9924
0.9888
0.9928
0.9922
0.9922
0.9904
0.9918
0.9886
Iteration 4
0.9924
0.9924
0.9928
0.9926
0.9838
0.9906
0.9906
0.9936
0.9924
0.9924
0.993
0.993
0.9928
0.9924
0.9928
0.9924
0.9902
0.9918
0.9904
0.9918
0.9918
Iteration 5
0.9926
0.9924
0.9924
0.9928
0.9926
0.9936
0.9916
0.9858
0.9862
0.9884
0.991
0.991
0.991
0.993
0.993
0.9928
0.9928
0.9924
0.9842
0.9926
0.9864
Iteration 6
0.9926
0.9928
0.9926
0.9926
0.9926
0.9896
0.9936
0.9906
0.9928
0.986
0.993
0.993
0.9882
0.9928
0.9928
0.9924
0.9924
0.9874
0.9924
0.9926
0.9866
Iteration 7
0.99
0.9928
0.9926
0.9926
0.9906
0.9906
0.9936
0.9912
0.9928
0.993
0.9902
0.993
0.9886
0.9928
0.9928
0.9854
0.9936
0.9926
0.9926
0.9924
0.985
Iteration 8
0.9928
0.9926
0.9936
0.9926
0.9902
0.9928
0.9922
0.993
0.993
0.9886
0.9928
0.9928
0.9922
0.9922
0.9934
0.992
0.9936
0.9814
0.9926
0.9926
0.9878
Iteration 9
0.9928
0.9926
0.9928
0.9824
0.9906
0.9936
0.9862
0.9916
0.9928
0.993
0.993
0.9928
0.9922
0.9928
0.9934
0.9934
0.9866
0.9936
0.9926
0.992
0.9882
Iteration 10
0.9928
0.9906
0.9928
0.9936
0.99
0.9928
0.9926
0.9926
0.989
0.9896
0.9866
0.993
0.993
0.9928
0.9934
0.9934
0.9934
0.9874
0.9936
0.9912
0.991
Iteration 11
0.9902
0.9898
0.9874
0.9928
0.9898
0.9936
0.9928
0.9932
0.9918
0.993
0.9886
0.993
0.9928
0.9934
0.9934
0.9934
0.9922
0.992
0.9936
0.9924
0.9916
Iteration 12
0.9914
0.99
0.9922
0.9898
0.9936
0.9908
0.9928
0.9932
0.993
0.9932
0.9928
0.993
0.9902
0.9934
0.9934
0.9934
0.9934
0.9918
0.9936
0.9924
0.9918
Iteration 13
0.9916
0.9906
0.9936
0.9934
0.9918
0.9932
0.9922
0.9932
0.993
0.993
0.993
0.9888
0.9934
0.9934
0.9934
0.9926
0.9934
0.9916
0.9936
0.9918
0.9906
Iteration 14
0.9874
0.9936
0.9934
0.9926
0.9932
0.9922
0.9932
0.993
0.9924
0.9934
0.9934
0.9912
0.9934
0.9934
0.9894
0.9922
0.9922
0.9936
0.9932
0.9934
0.993
Iteration 15
0.9912
0.9924
0.9912
0.9936
0.9934
0.9854
0.9814
0.9934
0.9902
0.9932
0.9934
0.9934
0.9912
0.9934
0.9934
0.9918
0.991
0.9936
0.992
0.9932
0.9854
Iteration 16
0.9884
0.9914
0.9906
0.9898
0.9936
0.9932
0.9934
0.9934
0.9916
0.9932
0.9934
0.9934
0.9912
0.9934
0.9934
0.9922
0.991
0.9936
0.9932
0.9936
0.9924
Iteration 17
0.9774
0.9914
0.9924
0.9906
0.9936
0.9934
0.9926
0.992
0.9934
0.9932
0.9924
0.9934
0.9934
0.9912
0.9928
0.9934
0.9934
0.99
0.9936
0.9936
0.9778
Iteration 18
0.991
0.9936
0.9934
0.9854
0.992
0.9934
0.9932
0.9934
0.9934
0.9912
0.9934
0.9912
0.9934
0.9864
0.9936
0.9926
0.9924
0.9914
0.9936
0.9928
0.9928
Iteration 19
0.9896
0.9926
0.9906
0.9936
0.9936
0.9934
0.9934
0.9932
0.9924
0.9924
0.9924
0.9934
0.9934
0.9934
0.9934
0.9918
0.9926
0.9936
0.9936
0.9944
0.9912
Population: {'genomes': [[12, 67, 110, 84], [68, 67, 99], [68, 67, 99], [12, 67, 110, 36], [11, 67, 76, 35], [22, 47, 99], [11, 67, 84], [11, 67, 84], [11, 67, 63], [11, 67, 34, 35], [11, 67, 99], [14, 67, 63], [12, 67, 99, 5], [11, 67, 110, 36], [12, 67, 76, 36], [68, 67, 84], [12, 67, 64], [67, 34, 35, 27], [11, 67, 84], [15, 67, 76, 35], [11, 47, 99]], 'fitness': [0.9936, 0.9936, 0.9936, 0.9934, 0.9934, 0.9934, 0.9934, 0.9934, 0.9934, 0.9932, 0.9926, 0.9924, 0.9944, 0.9924, 0.9896, 0.9918, 0.9906, 0.9936, 0.9924, 0.9926, 0.9912]}
Start EA NN Optimize for dataset: WeatherClassificationData
Population: {'genomes': [[104, 98], [47, 87], [89, 82, 35, 66, 94, 10, 39, 74], [82, 18, 42, 21, 89, 78, 85, 5], [103, 89, 110], [29, 76, 29], [42, 126, 48, 41, 44, 103, 67], [6, 39], [83, 117, 103, 102, 76], [26, 81], [76, 66, 79, 66], [8, 123, 126, 39, 66], [53, 34, 121, 40, 89, 99, 5, 26], [53, 75, 99, 114, 42], [8, 125, 100, 9], [33, 77, 40, 44, 61, 128], [45, 79, 66, 45, 20, 116, 50], [29, 60], [45, 33], [51, 105, 40, 85, 4, 103]]}
Iteration 0
0.879848
0.872121
0.883333
0.878485
0.880909
0.88303
0.881364
0.883939
0.882576
0.880455
0.881818
0.879394
0.88303
0.877273
0.87803
0.881364
0.883333
0.880455
0.877273
0.881212
Iteration 1
0.883333
0.88303
0.883182
0.881364
0.883939
0.882576
0.881667
0.885303
0.881818
0.884091
0.880455
0.88303
0.882273
0.875758
0.880606
0.881061
0.885
0.881364
0.883333
0.881364
0.881212
Iteration 2
0.883333
0.880303
0.880303
0.88303
0.884394
0.883182
0.883182
0.884697
0.882273
0.883939
0.882576
0.881818
0.885303
0.878182
0.884091
0.877727
0.884848
0.88303
0.885909
0.885
0.883333
Iteration 3
0.879091
0.883182
0.883333
0.884394
0.884848
0.883485
0.884697
0.883939
0.883939
0.885606
0.885303
0.877273
0.885
0.883333
0.884091
0.885303
0.884091
0.885909
0.878182
0.885
0.883333
Iteration 4
0.884545
0.882273
0.884394
0.884848
0.884697
0.881818
0.881515
0.883788
0.883939
0.88697
0.885606
0.884091
0.885303
0.885
0.885303
0.88
0.881667
0.885909
0.885
0.877727
0.880909
Iteration 5
0.884545
0.880303
0.884848
0.884697
0.884697
0.88197
0.88697
0.885606
0.886818
0.885303
0.882424
0.885
0.880758
0.880758
0.882576
0.885303
0.885303
0.886061
0.885909
0.880909
0.885
Iteration 6
0.877121
0.885
0.882121
0.885303
0.88303
0.885303
0.884394
0.88697
0.885606
0.886818
0.885303
0.885
0.880758
0.885303
0.881667
0.876818
0.886061
0.885909
0.885
0.885
0.883788
Iteration 7
0.875303
0.880909
0.881818
0.884697
0.885
0.87303
0.885303
0.884545
0.884091
0.883939
0.885303
0.884394
0.88697
0.885606
0.886818
0.885909
0.885303
0.881818
0.885303
0.886061
0.885909
Iteration 8
0.885303
0.887879
0.885303
0.88697
0.885606
0.886818
0.885909
0.885303
0.883485
0.882727
0.885303
0.882576
0.885455
0.886061
0.876818
0.884545
0.885909
0.881212
0.880152
0.880152
0.881667
Iteration 9
0.881515
0.882576
0.882424
0.885303
0.887879
0.885303
0.88697
0.885606
0.886818
0.885909
0.876818
0.885455
0.879697
0.886061
0.885152
0.885909
0.882273
0.883636
0.883636
0.88303
0.883788
Iteration 10
0.880606
0.885758
0.884394
0.885303
0.887879
0.885303
0.88697
0.885606
0.882576
0.886818
0.885909
0.885909
0.883636
0.882727
0.885455
0.885758
0.883485
0.886061
0.885909
0.883636
0.881515
Iteration 11
0.885758
0.880303
0.880303
0.881818
0.887879
0.884091
0.88697
0.885606
0.886818
0.885909
0.885909
0.881212
0.881818
0.885758
0.885909
0.886061
0.884848
0.885909
0.881818
0.883485
0.881667
Iteration 12
0.879091
0.885758
0.887879
0.881818
0.88697
0.884545
0.886818
0.885909
0.885909
0.885758
0.885909
0.882121
0.886061
0.886364
0.885909
0.883485
0.884242
0.879848
0.880606
0.880152
0.876364
Iteration 13
0.882879
0.885758
0.885
0.887879
0.886061
0.88697
0.886818
0.885909
0.885909
0.886364
0.880303
0.880758
0.879697
0.885303
0.882424
0.885909
0.88197
0.886061
0.885909
0.881818
0.880455
Iteration 14
0.880303
0.885
0.882121
0.887879
0.886061
0.88697
0.886818
0.885303
0.885909
0.885909
0.886364
0.886364
0.881061
0.885909
0.886061
0.886061
0.882727
0.885909
0.883788
0.884242
0.881667
Iteration 15
0.882121
0.887879
0.886061
0.88697
0.886818
0.884394
0.886364
0.886364
0.880909
0.884242
0.885909
0.886061
0.886061
0.887727
0.882576
0.885909
0.881818
0.879848
0.882273
0.879848
0.876364
Iteration 16
0.884394
0.887879
0.886061
0.88697
0.882576
0.881515
0.886818
0.886364
0.886364
0.883636
0.885909
0.882121
0.886061
0.883636
0.886061
0.887727
0.880909
0.886667
0.880303
0.88
0.876364
Iteration 17
0.884545
0.882879
0.887879
0.881061
0.878788
0.886061
0.88697
0.885606
0.882576
0.886818
0.886364
0.886364
0.883485
0.886061
0.886061
0.887727
0.886667
0.883788
0.885455
0.881667
0.87697
Iteration 18
0.885
0.885
0.884848
0.887879
0.886061
0.88697
0.886818
0.885303
0.886364
0.886364
0.879091
0.884848
0.886061
0.886061
0.884848
0.887727
0.881667
0.886667
0.88303
0.887727
0.881364
Iteration 19
0.887879
0.886061
0.88697
0.886818
0.883939
0.886364
0.886364
0.886364
0.883939
0.883636
0.882424
0.886061
0.887727
0.887727
0.886667
0.883939
0.88303
0.88303
0.879848
0.882121
0.880758
Population: {'genomes': [[113, 77, 126, 126, 39, 66], [113, 77, 40, 94, 25, 39, 74], [113, 77, 40, 94, 25, 39, 74], [29, 82, 40], [82, 35, 66, 94, 10, 39, 74], [29, 82, 40, 94, 25, 39, 74], [113, 77, 40], [113, 77, 40], [113, 77, 40], [113, 77, 126, 126, 39, 39, 74], [30, 82, 40, 94, 25, 39, 75], [114, 77, 41], [114, 77, 40, 94, 25, 39, 75], [30, 82, 40, 94, 25, 39, 75], [32, 82, 40, 94, 25, 39, 75], [113, 77, 66, 94, 10, 39, 74], [113, 35, 66, 94, 10, 39, 74], [14, 82, 40], [114, 77, 126, 126, 39, 67], [82, 35, 40], [114, 77, 126, 126, 39, 67]], 'fitness': [0.887879, 0.887727, 0.887727, 0.88697, 0.886818, 0.886667, 0.886364, 0.886364, 0.886061, 0.886061, 0.883939, 0.882424, 0.883636, 0.88303, 0.880758, 0.879848, 0.883939, 0.88303, 0.883939, 0.886364, 0.882121]}
Start EA NN Optimize for dataset: Cardio
Population: {'genomes': [[10, 33, 55], [89, 69, 37, 121], [64, 109, 57, 19, 18, 77], [86, 114, 127, 29, 44, 17], [50, 67, 44, 112, 126, 48], [14, 55], [52, 16, 22, 97, 109, 51, 44, 78], [101, 20, 98, 127, 29, 16], [55, 16, 110, 9, 51, 113], [123, 41, 54, 112, 94, 65], [96, 32, 60], [55, 20, 65, 88], [98, 81, 12, 70, 30], [100, 80, 122], [89, 102, 41], [14, 30, 30, 118], [52, 80], [52, 43, 109], [116, 94, 64], [41, 92, 57, 93, 128]]}
Iteration 0
0.511553
0.490617
0.632829
0.605853
0.509383
0.583656
0.509383
0.61157
0.56876
0.603947
0.610632
0.67259
0.708275
0.509383
0.719857
0.706427
0.686752
0.707072
0.693232
0.709917
Iteration 1
0.632829
0.61157
0.543895
0.615382
0.683879
0.614737
0.67259
0.708275
0.719857
0.706427
0.615969
0.709037
0.699243
0.686752
0.693232
0.707072
0.688042
0.649308
0.720473
0.709917
0.71062
Iteration 2
0.644646
0.588201
0.631334
0.708275
0.708275
0.711207
0.719857
0.673147
0.706427
0.705196
0.603595
0.709037
0.699243
0.693232
0.707072
0.720473
0.704727
0.669247
0.669247
0.709917
0.71062
Iteration 3
0.509383
0.509383
0.542312
0.498827
0.721968
0.615412
0.708275
0.708275
0.711207
0.684729
0.719857
0.597965
0.706427
0.709037
0.703202
0.706134
0.707072
0.720473
0.697455
0.709917
0.71062
Iteration 4
0.509383
0.723053
0.589989
0.648106
0.659453
0.721968
0.648311
0.708275
0.708275
0.711207
0.711881
0.711881
0.719857
0.613916
0.709037
0.707072
0.720473
0.691532
0.709917
0.71062
0.691121
Iteration 5
0.723053
0.605061
0.498827
0.60597
0.721968
0.636142
0.711207
0.711207
0.711881
0.711881
0.719857
0.615294
0.636142
0.71411
0.71411
0.715722
0.709037
0.720473
0.709917
0.707336
0.71062
Iteration 6
0.723053
0.716719
0.619106
0.721968
0.685462
0.655084
0.711207
0.711207
0.610691
0.71109
0.711881
0.711881
0.719857
0.651595
0.71757
0.672502
0.71411
0.71411
0.715722
0.695344
0.720473
Iteration 7
0.616203
0.663588
0.723053
0.716719
0.659453
0.721968
0.604826
0.61503
0.721264
0.721264
0.709506
0.711881
0.719857
0.717922
0.71757
0.71411
0.71411
0.715722
0.713142
0.720473
0.714491
Iteration 8
0.616203
0.723053
0.611424
0.716719
0.721968
0.721264
0.721264
0.679422
0.705401
0.720913
0.719857
0.717628
0.67948
0.717922
0.71757
0.651009
0.715722
0.72317
0.721675
0.720473
0.721558
Iteration 9
0.723053
0.648106
0.721968
0.721264
0.721264
0.605237
0.720913
0.715517
0.703319
0.719857
0.692705
0.692705
0.692705
0.708802
0.72317
0.716456
0.72188
0.721675
0.720473
0.721558
0.719974
Iteration 10
0.723053
0.721968
0.721264
0.721264
0.611541
0.664673
0.720913
0.71842
0.614532
0.715077
0.72188
0.72317
0.716456
0.698393
0.715459
0.706134
0.720942
0.69291
0.721675
0.720473
0.721558
Iteration 11
0.616203
0.723053
0.605061
0.721968
0.721264
0.721264
0.705401
0.720913
0.71842
0.711999
0.709272
0.72188
0.72317
0.719886
0.716456
0.720942
0.721675
0.721675
0.692265
0.704375
0.721558
Iteration 12
0.65268
0.723053
0.692998
0.721968
0.721264
0.721264
0.648399
0.574273
0.625469
0.613359
0.694171
0.668045
0.72188
0.72317
0.719886
0.694171
0.687016
0.720942
0.721675
0.721675
0.721558
Iteration 13
0.605911
0.723053
0.605061
0.692998
0.695725
0.659453
0.721968
0.721264
0.721264
0.719505
0.714931
0.72188
0.722203
0.72317
0.720942
0.721675
0.721675
0.718361
0.721558
0.717658
0.719769
Iteration 14
0.723053
0.692998
0.721968
0.721264
0.721264
0.704639
0.68901
0.694171
0.694171
0.72188
0.722203
0.72317
0.716456
0.7193
0.700798
0.701091
0.721675
0.721675
0.710415
0.721558
0.69678
Iteration 15
0.723053
0.721968
0.721264
0.721264
0.664673
0.686694
0.654469
0.674554
0.713992
0.710269
0.717071
0.658926
0.72188
0.722203
0.72317
0.676196
0.711852
0.714579
0.721675
0.721675
0.721558
Iteration 16
0.723053
0.692998
0.692998
0.70285
0.721968
0.721264
0.721264
0.721264
0.672795
0.72188
0.722203
0.72317
0.676196
0.705372
0.7193
0.712761
0.702264
0.721675
0.721675
0.719886
0.721558
Iteration 17
0.723053
0.721968
0.721264
0.721264
0.704639
0.648399
0.648399
0.61374
0.69678
0.720355
0.72188
0.722203
0.72317
0.71106
0.719886
0.719886
0.682882
0.700768
0.721675
0.721675
0.721558
Iteration 18
0.638605
0.723053
0.721968
0.721264
0.721264
0.715517
0.648546
0.69678
0.717922
0.609019
0.704991
0.72188
0.713641
0.684524
0.722203
0.72317
0.685726
0.692265
0.721675
0.721675
0.721558
Iteration 19
0.723053
0.70285
0.721968
0.721264
0.721264
0.704639
0.703495
0.72188
0.722203
0.72103
0.72317
0.719886
0.718537
0.716456
0.716456
0.715253
0.704023
0.721675
0.721675
0.719886
0.721558
Population: {'genomes': [[14, 16, 103, 97, 29, 16], [52, 16, 30, 118], [52, 16, 30, 118, 51, 44, 79], [102, 41, 118], [53, 22, 97, 97, 29, 16], [16, 22, 97, 97, 29, 16], [16, 22, 97, 97, 29, 16], [16, 22, 49, 127, 28, 16, 54], [89, 16, 22, 97, 29, 16], [89, 16, 22, 97, 29, 16], [16, 22, 97, 97, 29, 16, 54], [52, 16, 118], [89, 16, 22, 97, 29, 44, 79], [16, 22, 97, 29, 16], [16, 22, 49, 97, 29, 16], [16, 16, 118, 51, 44, 79], [90, 16, 22, 97, 29, 17], [89, 16, 45, 118, 51, 44, 79], [16, 22, 22, 97, 29, 16], [17, 22, 97, 97, 29, 80, 17], [102, 41, 118, 97, 77, 16]], 'fitness': [0.72317, 0.723053, 0.722203, 0.721968, 0.72188, 0.721675, 0.721675, 0.721558, 0.721264, 0.721264, 0.718537, 0.716456, 0.703495, 0.70285, 0.715253, 0.719886, 0.704023, 0.704639, 0.716456, 0.72103, 0.719886]}
