Start Titanic rf
0.7821229050279329
0.7653631284916201
0.7318435754189944
0.776536312849162
0.7877094972067039
0.7430167597765364
0.7374301675977654
0.7653631284916201
0.7430167597765364
0.7318435754189944
0.7932960893854749
0.7486033519553073
0.7821229050279329
0.7206703910614525
0.7541899441340782
0.776536312849162
0.776536312849162
0.7486033519553073
0.7988826815642458
0.770949720670391
0.776536312849162
0.7597765363128491
0.776536312849162
0.6871508379888268
0.7988826815642458
0.7653631284916201
0.7094972067039106
0.7821229050279329
0.7430167597765364
0.7653631284916201
0.7318435754189944
0.7877094972067039
0.8212290502793296
0.7821229050279329
0.776536312849162
0.7262569832402235
0.7318435754189944
0.776536312849162
0.6815642458100558
0.6983240223463687
0.7039106145251397
0.6983240223463687
0.7486033519553073
0.7094972067039106
0.7653631284916201
0.7932960893854749
0.7318435754189944
0.7821229050279329
0.7318435754189944
0.7430167597765364
0.7486033519553073
0.7430167597765364
0.8212290502793296
0.7318435754189944
0.7318435754189944
0.7653631284916201
0.7821229050279329
0.7318435754189944
0.770949720670391
0.7653631284916201
0.770949720670391
0.7988826815642458
0.7541899441340782
0.7653631284916201
0.7988826815642458
0.7653631284916201
0.7821229050279329
0.7430167597765364
0.7541899441340782
0.7653631284916201
0.7821229050279329
0.7374301675977654
0.7374301675977654
0.7486033519553073
0.7653631284916201
0.7597765363128491
0.7318435754189944
0.7597765363128491
0.7877094972067039
0.7318435754189944
0.7486033519553073
0.770949720670391
0.7430167597765364
0.7318435754189944
0.7150837988826816
0.7486033519553073
0.7318435754189944
0.7374301675977654
0.7430167597765364
0.6815642458100558
0.7821229050279329
0.7262569832402235
0.7262569832402235
0.6759776536312849
0.7988826815642458
0.7318435754189944
0.7597765363128491
0.7262569832402235
0.6927374301675978
0.7374301675977654
Start Cardio rf
0.6503049495660334
0.6521229181327703
0.6514778325123153
0.6460825709594182
0.6551724137931034
0.6510673234811166
0.6479005395261553
0.6503635937133474
0.6496598639455783
0.6497771522402064
0.654937837203847
0.6464344358433028
0.6490147783251231
0.6504222378606616
0.6518296973961999
0.6539408866995073
0.6547032606145906
0.650129017124091
0.6469035890218157
0.6503635937133474
0.6517710532488857
0.6510673234811166
0.6506568144499179
0.6464930799906169
0.6478418953788412
0.6565798733286418
0.6556415669716162
0.6467863007271875
0.6471381656110721
0.6516537649542575
0.6528266479005396
0.6455547736335914
0.6557002111189303
0.6493079990616937
0.6481937602627258
0.6488974900304949
0.6520056298381421
0.6491907107670655
0.6505395261552896
0.650715458597232
0.6475486746422707
0.6516537649542575
0.6487215575885527
0.6461412151067324
0.6508913910391743
0.6496598639455783
0.6511846117757448
0.6521229181327703
0.6466103682852451
0.6527093596059114
0.6518883415435139
0.6447923997185081
0.6571663148017828
0.6438540933614825
0.648311048557354
0.645906638517476
0.6495425756509501
0.6558174994135585
0.6518883415435139
0.6509500351864884
0.6497771522402064
0.6479591836734694
0.6446164672765659
0.6491320666197513
0.6491907107670655
0.6526507154585972
0.6541168191414497
0.6551137696457894
0.6471968097583861
0.6538235984048792
0.6533544452263664
0.6493079990616937
0.6530025803424818
0.6516537649542575
0.6501876612714051
0.6540581749941355
0.6504808820079756
0.6536476659629369
0.6517124091015717
0.654937837203847
0.6505981703026038
0.651301900070373
0.6466690124325593
0.6511846117757448
0.651301900070373
0.6509500351864884
0.643560872624912
0.6493666432090077
0.6427984987098287
0.6517124091015717
0.6491320666197513
0.6557588552662444
0.6460825709594182
0.650070372976777
0.6541168191414497
0.6523574947220268
0.6447923997185081
0.6510086793338025
0.648369692704668
0.651301900070373
Start Iris rf
1.0
1.0
1.0
1.0
1.0
1.0
1.0
1.0
1.0
1.0
1.0
1.0
1.0
1.0
1.0
1.0
1.0
1.0
1.0
1.0
1.0
0.9736842105263158
1.0
1.0
1.0
1.0
1.0
1.0
1.0
1.0
1.0
1.0
1.0
1.0
1.0
0.9736842105263158
1.0
1.0
1.0
1.0
1.0
0.9736842105263158
1.0
1.0
1.0
1.0
1.0
1.0
1.0
1.0
1.0
1.0
1.0
1.0
1.0
1.0
1.0
1.0
1.0
1.0
1.0
1.0
1.0
1.0
1.0
1.0
1.0
0.9736842105263158
1.0
1.0
1.0
1.0
0.9736842105263158
1.0
1.0
1.0
1.0
1.0
1.0
1.0
1.0
1.0
1.0
1.0
1.0
1.0
1.0
0.9736842105263158
1.0
1.0
1.0
1.0
1.0
1.0
1.0
1.0
1.0
1.0
1.0
0.9736842105263158
Start FetalHealth rf
0.8714555765595463
0.8714555765595463
0.8431001890359168
0.8733459357277883
0.8506616257088847
0.8638941398865785
0.8601134215500945
0.8752362948960303
0.8449905482041588
0.8695652173913043
0.8582230623818525
0.8582230623818525
0.8695652173913043
0.8809073724007561
0.8412098298676749
0.831758034026465
0.8657844990548205
0.8790170132325141
0.8676748582230623
0.8620037807183365
0.8657844990548205
0.8506616257088847
0.8771266540642723
0.8601134215500945
0.8657844990548205
0.8582230623818525
0.8506616257088847
0.8525519848771267
0.8922495274102079
0.8506616257088847
0.8714555765595463
0.8638941398865785
0.8544423440453687
0.8468809073724007
0.8412098298676749
0.8638941398865785
0.8676748582230623
0.8449905482041588
0.8620037807183365
0.8657844990548205
0.8431001890359168
0.8525519848771267
0.8601134215500945
0.8657844990548205
0.8525519848771267
0.8563327032136105
0.831758034026465
0.8449905482041588
0.8525519848771267
0.8582230623818525
0.8449905482041588
0.8506616257088847
0.8582230623818525
0.8525519848771267
0.8620037807183365
0.8468809073724007
0.8620037807183365
0.8601134215500945
0.8638941398865785
0.8638941398865785
0.8525519848771267
0.8714555765595463
0.8695652173913043
0.8620037807183365
0.8525519848771267
0.8431001890359168
0.8752362948960303
0.8846880907372401
0.833648393194707
0.8449905482041588
0.8790170132325141
0.8638941398865785
0.8563327032136105
0.8563327032136105
0.8582230623818525
0.8374291115311909
0.8771266540642723
0.8582230623818525
0.8695652173913043
0.8733459357277883
0.8506616257088847
0.8582230623818525
0.8487712665406427
0.8563327032136105
0.8657844990548205
0.8468809073724007
0.8431001890359168
0.8620037807183365
0.8468809073724007
0.8431001890359168
0.8657844990548205
0.8657844990548205
0.8506616257088847
0.8544423440453687
0.8771266540642723
0.8771266540642723
0.8544423440453687
0.8431001890359168
0.8582230623818525
0.8355387523629489
